#
#
#   poles of the irreducible self-energy (both particle and hole)
#
#   k = 0 fm^-1      and E_F = -42.8326 MeV
#
#
#    E              |M_kE|^2

-167.726       -7.85707e-14
-167.043       1.14155e-16
-167.043       1.29899e-13
-167.043       1.48321e-16
-166.663       6.74249
-166.574       -3.86203e-16
-166.574       3.56903e-14
-166.574       -4.85757e-17
-166.45       -1.73357e-14
-166.45       1.78489e-16
-166.449       1.45538e-15
-166.449       2.34366e-16
-166.449       2.85414e-13
-166.373       2.04506e-16
-166.373       6.48416e-14
-166.373       8.01311e-16
-166.237       1.57436e-16
-166.237       -5.44928e-16
-166.237       -1.20241e-13
-166.174       -1.1183e-13
-166.174       -6.18605e-17
-166.126       1.46422e-16
-166.126       -1.85207e-16
-166.126       6.61885e-14
-164.881       6.71285e-15
-164.702       -4.63816e-14
-164.702       1.09306e-15
-164.702       9.39364e-16
-164.549       3.17959e-16
-164.549       2.69946e-16
-164.549       2.87054e-14
-164.482       5.4229e-16
-164.482       8.16402e-15
-164.459       1.39582e-15
-164.459       -1.10311e-16
-164.459       -3.31096e-14
-161.43       1.59745e-14
-161.43       4.13469e-16
-161.43       5.58011e-16
-161.41       -6.24075e-15
-161.41       -1.46343e-15
-161.188       3.76823e-14
-161.188       1.10829e-15
-161.187       8.72401e-17
-160.897       2.05095e-14
-160.897       -1.13713e-16
-160.897       -1.12246e-15
-160.604       4.69077
-153.335       -8.76681e-14
-151.986       2.86748e-16
-151.986       5.17182e-16
-151.986       2.47172e-14
-151.376       -5.91484
-151.337       -4.61177e-15
-151.337       -8.28027e-16
-151.262       2.78217e-14
-151.262       3.85455e-16
-151.24       -1.37523e-14
-151.24       7.17237e-16
-150.996       9.28292e-16
-149.993       -3.48906e-16
-149.992       2.05928e-15
-149.685       1.02937e-15
-149.685       1.31538e-16
-149.596       -1.12455e-16
-149.596       -7.55036e-16
-148.814       3.44638e-15
-148.813       8.56712e-19
-147.772       1.00403e-15
-147.551       -6.09322e-16
-147.454       -6.00518
-147.265       2.41881e-16
-147.255       3.30957e-16
-147.141       -2.45394e-15
-146.773       1.95435e-14
-146.766       3.1159e-15
-146.472       -7.86183e-15
-146.251       -2.87503e-15
-146.063       6.30696e-15
-145.837       -1.32805e-14
-145.82       -4.3349e-15
-145.019       -5.43175e-14
-144.781       1.10394e-13
-144.449       2.10011e-14
-144.417       -1.96608e-13
-144.123       -0.734703
-143.64       -1.78075e-16
-143.375       -1.17786e-15
-143.352       -4.82423e-15
-143.062       -1.00499e-14
-142.559       5.62857e-15
-142.556       3.06341e-14
-142.438       2.4464e-14
-141.942       -5.7522e-15
-141.932       -4.43949e-14
-141.749       3.65497e-15
-141.73       6.02778e-15
-141.612       7.0041e-15
-141.049       1.65232e-15
-140.982       5.21023
-140.969       -1.95384e-15
-140.919       -2.63681e-16
-140.754       -2.6099e-15
-140.194       -4.56832e-15
-140.1       1.95711e-14
-139.91       7.1994e-15
-139.805       -6.28493e-15
-139.616       -8.35876e-15
-139.456       -1.57766e-15
-139.274       -3.03083e-15
-139.034       1.2408e-15
-138.818       1.35098e-16
-138.037       1.20539e-14
-137.918       9.14678e-15
-137.68       -3.32012e-14
-137.421       -1.30362e-14
-137.179       -1.64108e-14
-137.022       -3.54257e-14
-136.84       1.57603e-14
-136.648       6.372e-15
-136.289       -3.97497e-15
-136.098       1.50302e-14
-135.87       2.7018e-14
-135.624       4.62883e-14
-135.371       -5.81131e-14
-135.276       2.87148
-135.161       -5.21846e-14
-134.822       6.87813e-14
-134.61       1.40294e-13
-134.384       2.17809e-13
-134.127       4.01157
-134.068       -1.76042e-12
-133.839       1.41342e-13
-133.433       8.90813e-14
-133.209       1.2981e-13
-132.93       -2.40557e-13
-132.854       -1.20829e-13
-132.642       3.961e-14
-132.28       3.91392e-14
-132.11       4.92128e-15
-131.951       -1.2495e-14
-131.723       -4.03611e-15
-131.626       -4.77849e-15
-131.309       1.71149e-15
-131.092       6.18303e-16
-131.003       1.46058e-15
-130.881       8.48358e-16
-130.746       2.60835e-15
-130.688       -2.87466e-15
-130.542       -1.60718e-14
-130.496       -5.61129e-15
-130.195       7.96897e-15
-129.652       -7.21837e-15
-129.556       -1.94581e-15
-129.485       8.28907e-15
-128.382       4.56539e-15
-128.346       -1.91844e-14
-128.273       2.72446e-14
-127.696       -6.61774e-15
-127.573       -3.69515e-16
-127.532       4.11144e-15
-125.844       17.2518
-124.387       -9.58001e-16
-124.387       2.73037e-14
-124.357       4.9695e-16
-123.622       2.17352e-16
-123.621       -1.15948e-14
-121.069       2.98655
-120.547       8.14267e-16
-120.546       -9.81577e-15
-120.439       -4.59244e-16
-120.438       2.1627e-14
-119.973       -5.94498e-16
-119.973       -1.36704e-14
-119.746       2.92689e-16
-119.746       9.41957e-15
-111.399       -6.56482e-16
-111.399       2.46531e-14
-110.77       -1.62739e-14
-110.075       7.13701e-16
-109.764       -9.1207e-16
-109.48       -5.10278e-15
-109.274       -2.77167e-14
-108.961       4.32086e-14
-108.947       9.59639e-14
-108.91       0.0869394
-108.739       -1.96517e-14
-108.501       4.57575e-16
-108.349       1.26675e-15
-108.342       1.10598e-15
-108.185       -1.09625e-15
-108.136       -2.62737e-15
-107.696       -2.20535e-15
-107.395       5.24658e-15
-107.365       3.42328e-15
-107.274       9.51341e-15
-107.09       -5.66373e-15
-106.989       -9.32952e-15
-106.845       -9.99914e-15
-106.749       -6.22713e-15
-106.647       1.68237e-14
-106.465       7.7598e-15
-106.084       -4.08917e-15
-105.858       -1.16815e-14
-105.776       7.86749e-15
-105.551       5.24409e-15
-105.496       1.8528e-15
-105.317       6.39858e-15
-105.232       -8.44543e-15
-105.073       -7.51472e-15
-104.805       -6.71279e-15
-104.741       7.27236e-15
-104.641       3.49539e-15
-104.424       4.11447e-15
-104.308       -1.68446e-15
-104.233       -2.20802e-15
-103.993       1.43752e-14
-102.877       -1.19921e-15
-102.784       1.1743e-15
-102.703       1.17856e-15
-102.622       1.11902e-15
-102.508       1.84192e-17
-102.434       -1.4933e-15
-102.237       -2.16699e-16
-102.158       -6.71859e-16
-102.063       8.40787e-16
-101.975       -9.70888e-16
-101.858       3.34013e-17
-101.792       7.62328e-17
-101.578       1.03219e-15
-101.419       -5.8982e-16
-101.083       1.88649
-101.049       1.0668e-15
-101.048       3.63339e-16
-100.998       1.21434e-15
-100.002       -3.70906e-16
-99.8366       -2.11744e-15
-99.6705       1.23824e-15
-99.602       2.68007e-16
-99.2952       4.99218e-16
-99.2303       4.48691e-16
-99.159       1.49334e-16
-99.0048       2.13309e-16
-98.9812       -2.69785e-16
-98.9648       3.63117e-16
-98.7791       -8.53728e-16
-98.7385       -4.15192e-17
-98.5379       1.154e-15
-98.5316       2.80594e-16
-98.1944       -2.14731
-97.8665       -4.783e-15
-97.8159       4.94469e-15
-97.8058       1.3187e-15
-97.592       -1.66719e-15
-97.5036       1.52583e-16
-96.7833       -4.83189e-16
-96.7427       1.30823e-13
-96.7407       -1.60706e-17
-96.6777       -3.96953e-14
-96.5764       2.78846e-16
-96.5761       -1.30128e-13
-96.4155       -0.489576
-95.8822       9.92719e-15
-95.8822       1.57402e-15
-95.6051       -6.04211e-16
-95.605       -5.22346e-15
-95.368       1.18308e-14
-94.9465       -7.39101e-16
-94.9464       -1.58377e-14
-94.583       -3.88654e-16
-94.5823       8.15534e-15
-94.5822       -4.91476e-16
-94.1091       -3.18773e-15
-93.9395       -5.04823e-16
-93.9393       1.67725e-14
-93.2968       -1.73963e-15
-93.2967       -9.98198e-15
-93.2966       2.95086e-16
-93.1571       1.6164e-16
-93.1571       1.27579e-16
-93.157       -9.82659e-15
-92.2242       -1.19181e-14
-89.5343       -21.6238
-88.1612       2.66085e-14
-88.1612       4.44205e-16
-83.3166       -1.50958e-14
-83.3164       -9.1415e-17
-83.3163       1.38123e-15
-82.9794       1.09192e-14
-82.9792       -1.05605e-15
-82.9791       1.22093e-15
-82.3927       2.72536e-14
-82.3927       1.04049e-15
-82.3926       1.58801e-15
-81.5958       4.26675e-14
-81.5952       -1.1122e-15
-81.5952       1.14252e-15
-81.5028       4.19461e-14
-81.5026       2.33207e-16
-80.0299       -6.45911


-5.63534       7.00773e-16
-5.63534       2.61155e-14
-5.63534       -3.87665e-16
-5.52733       1.23162e-14
-4.87463       -2.61901e-13
-4.87463       1.21145e-16
-4.87463       8.59967e-16
-4.69462       -5.47199
5.87485       5.47102e-15
6.00897       -1.12364e-14
6.17123       -1.42199e-15
6.2167       -2.63375e-15
6.39354       7.58847e-15
6.45268       -4.11079e-15
6.62123       -1.3975e-14
6.66062       6.86817e-15
6.67266       4.806e-15
7.05134       -2.92802e-15
7.10496       -1.03518e-16
7.23639       -3.33712e-14
7.58183       -1.59669e-14
7.96881       -6.46004e-14
8.35464       -1.0013e-13
8.59803       3.08217e-13
8.6225       5.22202
8.68995       1.97625e-13
8.983       2.18265e-14
9.16996       1.48123e-14
9.95798       2.40676e-15
10.0861       -4.67673e-15
10.497       2.12496e-14
10.7749       2.19303e-14
11.0874       2.75164e-14
11.6002       -1.42303e-15
11.7486       3.71708e-15
12.4886       2.02468e-16
12.6153       -2.22473
12.7025       8.51924e-15
13.3431       3.6663e-15
13.8971       -2.13847e-15
14.2345       1.33407e-14
14.6906       1.78049e-14
15.3458       1.29833e-14
15.7222       1.63355e-14
16.4009       1.14239e-15
16.8047       1.988
17.2083       3.26588e-14
17.5598       1.71235e-14
18.0178       6.05441e-15
18.7834       -5.03846
19.2       2.33431e-14
19.6157       -7.94506e-14
19.7149       -3.33326e-14
20.4651       -3.39814e-14
22.5607       1.41547e-13
22.9542       -2.38548
23.7084       -6.60306e-14
23.7887       -1.02244e-14
23.8904       -1.23897e-14
25.1186       -3.56043e-15
25.5712       -8.71017e-15
25.6086       -4.61067e-15
27.1797       -1.86336e-15
27.2852       -1.0925e-14
28.5208       7.52102e-17
30.4208       -3.02971e-14
30.7113       9.11292e-14
31.073       -2.32731
38.5489       -1.8699e-14
38.7451       -5.3346e-15
39.1324       -1.92593e-14
39.4732       1.44766
39.5132       1.44045e-13
40.755       -1.83971
40.8794       -1.35704e-13
41.6187       -2.37353e-14
42.4878       0.767322
42.8503       -0.969897
44.2575       1.49329
44.4037       1.52925e-13
45.7269       2.31351e-14
47.1597       -3.03076
47.8292       4.02397
48.302       -3.07183
48.3026       -5.68353e-10
49.051       1.84117
49.3788       -0.377072
51.0603       1.39003
52.0284       -2.41701
52.7125       1.74498
54.2473       4.05991e-14
54.8023       -1.60412
55.3205       -4.94638e-14
56.3782       0.848878
58.0464       -1.69924
58.7426       -9.42816e-15
59.9993       -4.87036e-15
61.686       -7.84755e-14
62.2317       3.18573
62.2499       1.05747e-12
63.6871       1.44124e-14
64.8895       1.37699e-15
67.0598       -0.639004
67.1419       -1.3729e-13
69.5139       -1.35085e-14
70.3869       -5.41083e-15
71.8154       -1.94515e-13
72.0182       2.15955
73.2043       2.84802e-14
75.2901       -2.47896
75.3595       -6.08192e-13
76.0328       2.42146
78.8914       -0.0827766
79.012       0.753439
80.1626       -2.71082
80.2787       -5.55939e-13
81.5705       2.37898
83.4537       1.19051e-13
83.7286       -2.72868
84.746       -2.35327e-14
87.2362       -4.54708e-14
87.7946       2.69626
88.6884       -0.205458
89.2756       -1.34652e-14
91.2721       -9.45314e-15
93.903       1.7201
94.0194       7.34771e-14
94.8272       1.66534e-14
96.3291       -0.0398785
101.163       0.225424
102.916       -0.912935
103.492       0.0877238
104.151       -0.277009
104.901       0.248192
105.929       0.0998088
106.483       -0.755207
107.148       0.420663
109.033       -2.74113
109.788       3.55648
110.57       -1.27264
111.024       -0.186564
111.41       -0.89389
111.808       0.571504
112.111       1.11018
112.91       -0.339154
113.329       -0.48333
114.278       1.2529
114.89       -0.797514
115.779       2.90498
118.046       -2.04438
118.303       2.85133
119.618       -0.265271
121.198       0.0727027
123.105       6.08391e-15
125.209       1.22415e-14
126.493       -1.88464
126.521       -8.39293e-13
127.703       -5.36167e-15
128.545       -5.62035e-15
134.583       0.536732
134.635       1.68808e-13
135.683       -2.519
136.423       -3.24844e-14
137.743       -1.1253e-14
139.334       1.44597
140.316       -1.56703
142.076       1.11366
142.345       -0.793914
142.468       1.13456
143.05       -0.363683
144.752       3.06994
145.285       8.28162e-14
147.369       -0.196821
147.5       -1.6788e-13
148.733       2.94221
149.07       1.28148e-13
150.261       -1.69822
150.289       -8.89724e-13
151.35       -5.92115e-15
151.941       -1.13364e-15
152.363       3.09417e-16
165.61       -9.75972e-14
165.798       2.57961
165.841       4.58109e-13
166.74       -0.79821
166.852       2.18757
167.917       3.16518e-14
168.873       -2.66791
169.146       -8.70987e-14
170.551       -2.68982e-14
171.491       1.63683
171.988       -0.100751
173.202       1.58398
173.484       -1.19256
174.865       -1.40518e-14
176.21       1.54976
176.268       2.05954e-13
177.794       4.94401e-15
178.694       6.27924e-15
179.547       -0.0872618
180.828       -1.78659e-15
182.918       -5.93949e-15
183.885       -3.69422e-15
184.757       0.675853
185.01       -5.25789e-15
186.237       -4.76075e-15
187.375       2.41138e-15
187.757       1.03125
188.636       -1.31574e-14
189.093       -1.58876e-14
190.073       -1.69302e-14
193.392       2.81875
193.524       -7.68422e-14
194.299       3.40726e-14
195.048       1.52192e-14
196.573       -4.91723e-15
197.367       -1.95498
197.508       -2.27457e-14
198.82       5.03111e-14
199.394       2.62862
199.473       2.64313e-14
200.949       1.9487e-14
202.002       1.01512e-14
203.052       4.5947e-15
203.123       -1.43645
203.913       5.05548e-15
205.007       1.46302e-14
205.513       1.32394
205.995       9.62051e-15
207.073       -5.35088e-15
207.931       -7.06603e-15
208.664       2.32478e-14
209.127       -0.258116
209.837       1.19107e-14
210.959       -4.77336e-14
211.237       -0.977585
211.807       4.81302e-14
212.625       7.26882e-15
212.923       -0.451901
213.255       4.6307e-15
213.768       5.95071e-15
214.891       2.49337e-15
215.27       2.00671e-13
215.494       -0.74208
215.709       -2.03583e-14
216.074       -3.81577e-14
216.612       4.18141e-14
216.902       1.39895e-13
217.322       -1.78439e-13
217.476       1.81292
217.69       4.59942e-15
217.94       2.4866e-14
218.159       1.56692e-14
218.249       -2.30512e-15
218.312       2.72966e-16
219.248       -1.1208e-14
219.552       3.08175e-15
237.602       -4.95118e-15
237.602       2.43327e-16
239.629       -2.71905e-15
239.744       -1.23334e-16
239.992       1.55564
240.438       3.68908e-16
240.467       5.23048e-15
240.481       -2.15302e-15
240.483       -3.82454e-15
240.522       2.82762e-15
240.572       -1.70405e-16
240.854       1.65558e-14
241.497       -9.81234e-16
241.811       1.3383e-14
241.923       -1.54779e-14
241.931       -7.17562e-16
243.473       1.24761e-14
243.584       6.0278e-15
243.87       -1.76848e-15
243.898       4.53395e-16
243.912       1.07206e-15
244.127       1.30581e-14
244.178       -1.79229
244.872       -3.17514e-14
245.024       1.59201e-14
245.028       3.52043e-14
245.034       6.14486e-15
245.083       7.35975e-15
245.2       -1.54341e-14
245.204       -2.90443e-14
245.286       -1.81917e-16
245.376       1.11522e-14
245.74       8.67457e-15
245.757       -1.90712e-15
245.774       -1.55049e-16
245.795       -1.70585e-15
245.798       -9.68644e-16
245.817       2.65564e-14
246.526       2.22922e-15
246.575       -3.19416e-16
246.584       2.46192e-16
246.584       1.43062e-15
246.649       -1.45846e-15
