#
#
#   Lonertzian-smoothed self-energy (both particle and hole)
#
#   k = 2.41585 fm^-1 (group = 3)     and E_F = -52.0162 MeV
#
#   Sigma^{infty} = 54.2637 MeV
#
#
#    E               Re \Sig(k,E)       Im \Sig(k,E)             k 

-287.96      52.8679       -0.000274405            2.41585
-287.26      52.8633       -0.000187101            2.41585
-286.56      52.8586       -9.38208e-05            2.41585
-285.86      52.8538       6.0463e-06            2.41585
-285.16      52.8489       0.000113205            2.41585
-284.46      52.844       0.000228472            2.41585
-283.76      52.8389       0.000352801            2.41585
-283.06      52.8338       0.000487312            2.41585
-282.36      52.8285       0.000633336            2.41585
-281.66      52.8232       0.000792468            2.41585
-280.96      52.8177       0.00096664            2.41585
-280.26      52.8121       0.00115822            2.41585
-279.56      52.8064       0.00137016            2.41585
-278.86      52.8005       0.00160619            2.41585
-278.16      52.7944       0.00187109            2.41585
-277.46      52.7882       0.00217116            2.41585
-276.76      52.7818       0.00251486            2.41585
-276.06      52.7751       0.0029139            2.41585
-275.36      52.7682       0.003385            2.41585
-274.66      52.761       0.00395298            2.41585
-273.96      52.7534       0.00465637            2.41585
-273.26      52.7453       0.00555836            2.41585
-272.56      52.7368       0.00676947            2.41585
-271.86      52.7276       0.00849814            2.41585
-271.16      52.7175       0.0111707            2.41585
-270.46      52.7068       0.0157066            2.41585
-269.76      52.6967       0.0237865            2.41585
-269.06      52.6927       0.0345106            2.41585
-268.36      52.6936       0.0366126            2.41585
-267.66      52.6849       0.0349178            2.41585
-266.96      52.6719       0.0422595            2.41585
-266.26      52.6683       0.0598883            2.41585
-265.56      52.6847       0.0659414            2.41585
-264.86      52.6892       0.0482462            2.41585
-264.16      52.6758       0.0343677            2.41585
-263.46      52.6577       0.0285103            2.41585
-262.76      52.6387       0.0273685            2.41585
-262.06      52.6192       0.0292512            2.41585
-261.36      52.599       0.0330493            2.41585
-260.66      52.5761       0.0386191            2.41585
-259.96      52.5493       0.0482168            2.41585
-259.26      52.5186       0.0650189            2.41585
-258.56      52.4865       0.0946058            2.41585
-257.86      52.4657       0.138144            2.41585
-257.16      52.4536       0.173426            2.41585
-256.46      52.4176       0.225076            2.41585
-255.76      52.4036       0.347894            2.41585
-255.06      52.5357       0.487078            2.41585
-254.36      52.7204       0.421676            2.41585
-253.66      52.731       0.295465            2.41585
-252.96      52.6642       0.256609            2.41585
-252.26      52.6013       0.309923            2.41585
-251.56      52.6327       0.448051            2.41585
-250.86      52.8432       0.491622            2.41585
-250.16      52.9682       0.328862            2.41585
-249.46      52.9482       0.192459            2.41585
-248.76      52.8974       0.120263            2.41585
-248.06      52.8504       0.0819323            2.41585
-247.36      52.811       0.0599399            2.41585
-246.66      52.778       0.0463571            2.41585
-245.96      52.7497       0.037465            2.41585
-245.26      52.7248       0.0313843            2.41585
-244.56      52.7024       0.0270944            2.41585
-243.86      52.6818       0.0240057            2.41585
-243.16      52.6625       0.0217599            2.41585
-242.46      52.6443       0.0201303            2.41585
-241.76      52.6267       0.0189687            2.41585
-241.06      52.6096       0.0181761            2.41585
-240.36      52.5929       0.0176859            2.41585
-239.66      52.5763       0.0174536            2.41585
-238.96      52.5597       0.0174506            2.41585
-238.26      52.543       0.0176605            2.41585
-237.56      52.5261       0.0180772            2.41585
-236.86      52.5089       0.018704            2.41585
-236.16      52.4912       0.0195533            2.41585
-235.46      52.4729       0.0206484            2.41585
-234.76      52.4539       0.0220257            2.41585
-234.06      52.434       0.023739            2.41585
-233.36      52.413       0.0258671            2.41585
-232.66      52.3907       0.0285258            2.41585
-231.96      52.3667       0.0318892            2.41585
-231.26      52.3407       0.0362278            2.41585
-230.56      52.3121       0.0419806            2.41585
-229.86      52.2801       0.0498993            2.41585
-229.16      52.2437       0.0613592            2.41585
-228.46      52.2018       0.0790739            2.41585
-227.76      52.1535       0.108813            2.41585
-227.06      52.1025       0.162959            2.41585
-226.36      52.0769       0.258092            2.41585
-225.66      52.1377       0.345519            2.41585
-224.96      52.1948       0.331136            2.41585
-224.26      52.1878       0.334974            2.41585
-223.56      52.2254       0.349791            2.41585
-222.86      52.2338       0.292491            2.41585
-222.16      52.1657       0.263326            2.41585
-221.46      52.09       0.302897            2.41585
-220.76      52.0722       0.379147            2.41585
-220.06      52.0828       0.407273            2.41585
-219.36      52.0655       0.445345            2.41585
-218.66      52.0935       0.476517            2.41585
-217.96      52.0774       0.45513            2.41585
-217.26      52.0187       0.476568            2.41585
-216.56      51.9638       0.546738            2.41585
-215.86      51.9804       0.662579            2.41585
-215.16      52.0822       0.664133            2.41585
-214.46      52.0421       0.559836            2.41585
-213.76      51.8687       0.546952            2.41585
-213.06      51.6622       0.673298            2.41585
-212.36      51.5093       0.950947            2.41585
-211.66      51.5133       1.32409            2.41585
-210.96      51.6621       1.61083            2.41585
-210.26      51.6936       1.98012            2.41585
-209.56      52.1867       2.74703            2.41585
-208.86      53.5262       2.75691            2.41585
-208.16      54.1612       1.78172            2.41585
-207.46      54.0541       1.04789            2.41585
-206.76      53.8027       0.675379            2.41585
-206.06      53.5867       0.502361            2.41585
-205.36      53.454       0.419395            2.41585
-204.66      53.3711       0.325025            2.41585
-203.96      53.2688       0.237143            2.41585
-203.26      53.1664       0.182514            2.41585
-202.56      53.0782       0.150648            2.41585
-201.86      53.0062       0.128436            2.41585
-201.16      52.9419       0.107838            2.41585
-200.46      52.8808       0.0922065            2.41585
-199.76      52.8243       0.0813658            2.41585
-199.06      52.7719       0.0737169            2.41585
-198.36      52.7228       0.0682737            2.41585
-197.66      52.676       0.0644911            2.41585
-196.96      52.6309       0.0620608            2.41585
-196.26      52.5866       0.0608147            2.41585
-195.56      52.5427       0.0606826            2.41585
-194.86      52.4986       0.0616773            2.41585
-194.16      52.4535       0.0638976            2.41585
-193.46      52.4069       0.0675497            2.41585
-192.76      52.3578       0.0729957            2.41585
-192.06      52.3054       0.0808523            2.41585
-191.36      52.2482       0.0921968            2.41585
-190.66      52.1849       0.109021            2.41585
-189.96      52.1137       0.135281            2.41585
-189.26      52.0354       0.178959            2.41585
-188.56      51.9635       0.250093            2.41585
-187.86      51.9239       0.322094            2.41585
-187.16      51.855       0.359767            2.41585
-186.46      51.7161       0.449987            2.41585
-185.76      51.5549       0.673914            2.41585
-185.06      51.5079       1.12693            2.41585
-184.36      51.9771       1.65815            2.41585
-183.66      52.733       1.4565            2.41585
-182.96      52.882       0.921343            2.41585
-182.26      52.7283       0.621138            2.41585
-181.56      52.5392       0.504735            2.41585
-180.86      52.372       0.478706            2.41585
-180.16      52.2073       0.510539            2.41585
-179.46      52.0571       0.613375            2.41585
-178.76      51.9166       0.787353            2.41585
-178.06      51.8646       1.12766            2.41585
-177.36      52.1318       1.43605            2.41585
-176.66      52.3838       1.47156            2.41585
-175.96      52.5686       1.54576            2.41585
-175.26      52.8858       1.64158            2.41585
-174.56      53.3505       1.41263            2.41585
-173.86      53.4504       0.971124            2.41585
-173.16      53.3599       0.703678            2.41585
-172.46      53.263       0.52245            2.41585
-171.76      53.1294       0.393798            2.41585
-171.06      52.9997       0.338816            2.41585
-170.36      52.901       0.310137            2.41585
-169.66      52.7924       0.295049            2.41585
-168.96      52.6792       0.337987            2.41585
-168.26      52.6258       0.464249            2.41585
-167.56      52.7512       0.572401            2.41585
-166.86      52.8862       0.455326            2.41585
-166.16      52.854       0.309536            2.41585
-165.46      52.7658       0.233273            2.41585
-164.76      52.6765       0.208447            2.41585
-164.06      52.6109       0.208751            2.41585
-163.36      52.5573       0.199498            2.41585
-162.66      52.4884       0.188345            2.41585
-161.96      52.4021       0.191904            2.41585
-161.26      52.3042       0.22437            2.41585
-160.56      52.2118       0.295784            2.41585
-159.86      52.1415       0.389329            2.41585
-159.16      52.0566       0.521633            2.41585
-158.46      52.0423       0.788925            2.41585
-157.76      52.3126       1.02448            2.41585
-157.06      52.5843       0.949237            2.41585
-156.36      52.7306       0.859439            2.41585
-155.66      52.8646       0.676564            2.41585
-154.96      52.8376       0.460823            2.41585
-154.26      52.7246       0.327237            2.41585
-153.56      52.5926       0.264406            2.41585
-152.86      52.4598       0.248075            2.41585
-152.16      52.3227       0.26783            2.41585
-151.46      52.1735       0.330967            2.41585
-150.76      52.0075       0.465817            2.41585
-150.06      51.8465       0.742527            2.41585
-149.36      51.8572       1.27241            2.41585
-148.66      52.4976       1.79773            2.41585
-147.96      53.3184       1.44733            2.41585
-147.26      53.4592       0.842573            2.41585
-146.56      53.3273       0.495733            2.41585
-145.86      53.1741       0.319638            2.41585
-145.16      53.0453       0.226763            2.41585
-144.46      52.9447       0.175255            2.41585
-143.76      52.8661       0.138512            2.41585
-143.06      52.7946       0.109584            2.41585
-142.36      52.7284       0.0908087            2.41585
-141.66      52.6678       0.0798052            2.41585
-140.96      52.6111       0.074992            2.41585
-140.26      52.5565       0.0768067            2.41585
-139.56      52.5029       0.0885057            2.41585
-138.86      52.4535       0.11847            2.41585
-138.16      52.4315       0.177028            2.41585
-137.46      52.4833       0.218665            2.41585
-136.76      52.5298       0.165021            2.41585
-136.06      52.5072       0.103354            2.41585
-135.36      52.4641       0.0694744            2.41585
-134.66      52.4209       0.0518151            2.41585
-133.96      52.3805       0.0420276            2.41585
-133.26      52.3425       0.0363172            2.41585
-132.56      52.3062       0.0329557            2.41585
-131.86      52.2709       0.0311105            2.41585
-131.16      52.236       0.0303654            2.41585
-130.46      52.201       0.030519            2.41585
-129.76      52.1655       0.0314979            2.41585
-129.06      52.1291       0.0333216            2.41585
-128.36      52.0913       0.0360998            2.41585
-127.66      52.0515       0.0400585            2.41585
-126.96      52.0092       0.0456151            2.41585
-126.26      51.9637       0.053561            2.41585
-125.56      51.9145       0.0654654            2.41585
-124.86      51.8629       0.0839479            2.41585
-124.16      51.8156       0.107179            2.41585
-123.46      51.7665       0.120629            2.41585
-122.76      51.6954       0.13434            2.41585
-122.06      51.6048       0.164289            2.41585
-121.36      51.4969       0.218282            2.41585
-120.66      51.3745       0.310826            2.41585
-119.96      51.2572       0.452351            2.41585
-119.26      51.1365       0.62587            2.41585
-118.56      50.9706       0.902415            2.41585
-117.86      50.8426       1.45779            2.41585
-117.16      51.2465       2.37828            2.41585
-116.46      52.5928       2.62492            2.41585
-115.76      53.3567       1.76545            2.41585
-115.06      53.3574       1.05148            2.41585
-114.36      53.1551       0.662808            2.41585
-113.66      52.9541       0.487721            2.41585
-112.96      52.8325       0.427398            2.41585
-112.26      52.7939       0.354316            2.41585
-111.56      52.7246       0.251575            2.41585
-110.86      52.6328       0.189619            2.41585
-110.16      52.5611       0.160415            2.41585
-109.46      52.5092       0.12828            2.41585
-108.76      52.4514       0.0970639            2.41585
-108.06      52.3967       0.0792764            2.41585
-107.36      52.3524       0.0643575            2.41585
-106.66      52.3086       0.0478119            2.41585
-105.96      52.2647       0.0356            2.41585
-105.26      52.2235       0.0271973            2.41585
-104.56      52.1851       0.0210531            2.41585
-103.86      52.1492       0.0163036            2.41585
-103.16      52.1152       0.0124912            2.41585
-102.46      52.0829       0.00935321            2.41585
-101.76      52.0518       0.00672527            2.41585
-101.06      52.0218       0.00449819            2.41585
-100.36      51.9927       0.00259596            2.41585
-99.6599      51.9642       0.000964174            2.41585
-98.9599      51.9363       -0.000436693            2.41585
-98.2599      51.9087       -0.00163533            2.41585
-97.5599      51.8815       -0.0026521            2.41585
-96.8599      51.8545       -0.00350062            2.41585
-96.1599      51.8276       -0.00418865            2.41585
-95.4599      51.8006       -0.00471847            2.41585
-94.7599      51.7736       -0.00508695            2.41585
-94.0599      51.7464       -0.00528498            2.41585
-93.3599      51.7188       -0.00529665            2.41585
-92.6599      51.6909       -0.00509757            2.41585
-91.9599      51.6624       -0.0046525            2.41585
-91.2599      51.6331       -0.00391151            2.41585
-90.5599      51.603       -0.0028043            2.41585
-89.8599      51.5717       -0.00123119            2.41585
-89.1599      51.539       0.000951021            2.41585
-88.4599      51.5045       0.00395223            2.41585
-87.7599      51.4678       0.00808816            2.41585
-87.0599      51.4281       0.013849            2.41585
-86.3599      51.3845       0.0220258            2.41585
-85.6599      51.3357       0.0339549            2.41585
-84.9599      51.2799       0.0520228            2.41585
-84.2599      51.2146       0.0807761            2.41585
-84.1399      51.2022       0.0873402            2.41585
-84.0199      51.1894       0.0945363            2.41585
-83.8999      51.1762       0.102443            2.41585
-83.7799      51.1626       0.111148            2.41585
-83.6599      51.1486       0.120756            2.41585
-83.5399      51.1342       0.131385            2.41585
-83.4199      51.1193       0.143171            2.41585
-83.2999      51.104       0.156271            2.41585
-83.1799      51.0884       0.170866            2.41585
-83.0599      51.0724       0.187163            2.41585
-82.9399      51.0562       0.205402            2.41585
-82.8199      51.0399       0.225852            2.41585
-82.6999      51.0237       0.24882            2.41585
-82.5799      51.0077       0.274647            2.41585
-82.4599      50.9924       0.303707            2.41585
-82.3399      50.9782       0.336394            2.41585
-82.2199      50.9657       0.373105            2.41585
-82.0999      50.9556       0.414205            2.41585
-81.9799      50.9491       0.459971            2.41585
-81.8599      50.9475       0.510501            2.41585
-81.7399      50.9523       0.565596            2.41585
-81.6199      50.9654       0.624588            2.41585
-81.4999      50.9886       0.686153            2.41585
-81.3799      51.0239       0.748129            2.41585
-81.2599      51.0726       0.807422            2.41585
-81.1399      51.135       0.860112            2.41585
-81.0199      51.21       0.901848            2.41585
-80.8999      51.2947       0.928574            2.41585
-80.7799      51.3845       0.937401            2.41585
-80.6599      51.474       0.927355            2.41585
-80.5399      51.5577       0.899644            2.41585
-80.4199      51.6312       0.857325            2.41585
-80.2999      51.6919       0.804535            2.41585
-80.1799      51.7388       0.745615            2.41585
-80.0599      51.7722       0.684417            2.41585
-79.9399      51.7937       0.623945            2.41585
-79.8199      51.8051       0.566274            2.41585
-79.6999      51.8084       0.512658            2.41585
-79.5799      51.8053       0.463717            2.41585
-79.4599      51.7974       0.419623            2.41585
-79.3399      51.786       0.380266            2.41585
-79.2199      51.7721       0.34537            2.41585
-79.0999      51.7565       0.314582            2.41585
-78.9799      51.7397       0.287521            2.41585
-78.8599      51.7222       0.263815            2.41585
-78.7399      51.7044       0.243118            2.41585
-78.6199      51.6864       0.22512            2.41585
-78.4999      51.6684       0.209549            2.41585
-78.3799      51.6507       0.196174            2.41585
-78.2599      51.6331       0.184801            2.41585
-78.1399      51.6159       0.175272            2.41585
-78.0199      51.5991       0.167462            2.41585
-77.8999      51.5827       0.161277            2.41585
-77.7799      51.5668       0.156647            2.41585
-77.6599      51.5514       0.153526            2.41585
-77.5399      51.5367       0.151886            2.41585
-77.4199      51.5228       0.151709            2.41585
-77.2999      51.5097       0.152979            2.41585
-77.1799      51.4978       0.155665            2.41585
-77.0599      51.4873       0.159701            2.41585
-76.9399      51.4784       0.16496            2.41585
-76.8199      51.4715       0.171218            2.41585
-76.6999      51.467       0.178118            2.41585
-76.5799      51.4651       0.185144            2.41585
-76.4599      51.4659       0.191618            2.41585
-76.3399      51.4694       0.196742            2.41585
-76.2199      51.4753       0.199706            2.41585
-76.0999      51.4827       0.199837            2.41585
-75.9799      51.4908       0.196754            2.41585
-75.8599      51.4985       0.190466            2.41585
-75.7399      51.5049       0.181365            2.41585
-75.6199      51.5093       0.170115            2.41585
-75.4999      51.5114       0.157495            2.41585
-75.3799      51.5112       0.144252            2.41585
-75.2599      51.5088       0.131003            2.41585
-75.1399      51.5045       0.118197            2.41585
-75.0199      51.4987       0.106124            2.41585
-74.8999      51.4918       0.0949382            2.41585
-74.7799      51.4839       0.0846996            2.41585
-74.6599      51.4755       0.0754012            2.41585
-74.5399      51.4666       0.0669972            2.41585
-74.4199      51.4574       0.0594206            2.41585
-74.2999      51.4481       0.0525955            2.41585
-74.1799      51.4388       0.046445            2.41585
-74.0599      51.4294       0.0408953            2.41585
-73.9399      51.4201       0.0358783            2.41585
-73.8199      51.4109       0.0313322            2.41585
-73.6999      51.4017       0.0272022            2.41585
-73.5799      51.3927       0.0234398            2.41585
-73.4599      51.3839       0.0200024            2.41585
-73.3399      51.3751       0.0168529            2.41585
-73.2199      51.3665       0.0139588            2.41585
-73.0999      51.358       0.0112918            2.41585
-72.9799      51.3497       0.00882713            2.41585
-72.8599      51.3414       0.00654334            2.41585
-72.7399      51.3333       0.00442153            2.41585
-72.6199      51.3253       0.00244518            2.41585
-72.4999      51.3174       0.00059979            2.41585
-72.3799      51.3096       -0.00112741            2.41585
-72.2599      51.3019       -0.00274767            2.41585
-72.1399      51.2943       -0.00427094            2.41585
-72.0199      51.2868       -0.00570603            2.41585
-71.8999      51.2794       -0.0070608            2.41585
-71.7799      51.2721       -0.0083422            2.41585
-71.6599      51.2648       -0.00955648            2.41585
-71.5399      51.2576       -0.0107092            2.41585
-71.4199      51.2505       -0.0118054            2.41585
-71.2999      51.2434       -0.0128495            2.41585
-71.1799      51.2364       -0.0138456            2.41585
-71.0599      51.2295       -0.0147974            2.41585
-70.9399      51.2226       -0.0157082            2.41585
-70.8199      51.2158       -0.0165809            2.41585
-70.6999      51.209       -0.0174184            2.41585
-70.5799      51.2023       -0.0182231            2.41585
-70.4599      51.1956       -0.0189972            2.41585
-70.3399      51.1889       -0.0197429            2.41585
-70.2199      51.1823       -0.0204621            2.41585
-70.0999      51.1757       -0.0211564            2.41585
-69.9799      51.1692       -0.0218275            2.41585
-69.8599      51.1627       -0.022477            2.41585
-69.7399      51.1562       -0.023106            2.41585
-69.6199      51.1498       -0.023716            2.41585
-69.4999      51.1433       -0.024308            2.41585
-69.3799      51.137       -0.0248831            2.41585
-69.2599      51.1306       -0.0254423            2.41585
-69.1399      51.1242       -0.0259867            2.41585
-69.0199      51.1179       -0.0265169            2.41585
-68.8999      51.1116       -0.0270338            2.41585
-68.7799      51.1053       -0.0275382            2.41585
-68.6599      51.0991       -0.0280308            2.41585
-68.5399      51.0928       -0.0285122            2.41585
-68.4199      51.0866       -0.0289831            2.41585
-68.2999      51.0804       -0.0294439            2.41585
-68.1799      51.0742       -0.0298953            2.41585
-68.0599      51.068       -0.0303377            2.41585
-67.9399      51.0618       -0.0307716            2.41585
-67.8199      51.0556       -0.0311975            2.41585
-67.6999      51.0495       -0.0316158            2.41585
-67.5799      51.0433       -0.0320269            2.41585
-67.4599      51.0372       -0.0324311            2.41585
-67.3399      51.031       -0.0328288            2.41585
-67.2199      51.0249       -0.0332204            2.41585
-67.0999      51.0188       -0.0336061            2.41585
-66.9799      51.0127       -0.0339863            2.41585
-66.8599      51.0065       -0.0343612            2.41585
-66.7399      51.0004       -0.0347312            2.41585
-66.6199      50.9943       -0.0350963            2.41585
-66.4999      50.9882       -0.035457            2.41585
-66.3799      50.9821       -0.0358135            2.41585
-66.2599      50.976       -0.0361658            2.41585
-66.1399      50.9699       -0.0365144            2.41585
-66.0199      50.9638       -0.0368593            2.41585
-65.8999      50.9577       -0.0372008            2.41585
-65.7799      50.9516       -0.037539            2.41585
-65.6599      50.9455       -0.0378741            2.41585
-65.5399      50.9394       -0.0382063            2.41585
-65.4199      50.9333       -0.0385357            2.41585
-65.2999      50.9272       -0.0388626            2.41585
-65.1799      50.921       -0.0391869            2.41585
-65.0599      50.9149       -0.039509            2.41585
-64.9399      50.9088       -0.0398288            2.41585
-64.8199      50.9027       -0.0401466            2.41585
-64.6999      50.8965       -0.0404624            2.41585
-64.5799      50.8904       -0.0407765            2.41585
-64.4599      50.8842       -0.0410888            2.41585
-64.3399      50.8781       -0.0413995            2.41585
-64.2199      50.8719       -0.0417088            2.41585
-64.0999      50.8658       -0.0420167            2.41585
-63.9799      50.8596       -0.0423233            2.41585
-63.8599      50.8534       -0.0426287            2.41585
-63.7399      50.8472       -0.042933            2.41585
-63.6199      50.841       -0.0432364            2.41585
-63.4999      50.8348       -0.0435388            2.41585
-63.3799      50.8286       -0.0438404            2.41585
-63.2599      50.8223       -0.0441412            2.41585
-63.1399      50.8161       -0.0444414            2.41585
-63.0199      50.8098       -0.044741            2.41585
-62.8999      50.8036       -0.0450401            2.41585
-62.7799      50.7973       -0.0453388            2.41585
-62.6599      50.791       -0.0456371            2.41585
-62.5399      50.7847       -0.0459351            2.41585
-62.4199      50.7784       -0.0462328            2.41585
-62.2999      50.7721       -0.0465304            2.41585
-62.1799      50.7658       -0.0468279            2.41585
-62.0599      50.7594       -0.0471254            2.41585
-61.9399      50.7531       -0.0474229            2.41585
-61.8199      50.7467       -0.0477205            2.41585
-61.6999      50.7403       -0.0480183            2.41585
-61.5799      50.7339       -0.0483162            2.41585
-61.4599      50.7275       -0.0486145            2.41585
-61.3399      50.721       -0.048913            2.41585
-61.2199      50.7146       -0.049212            2.41585
-61.0999      50.7081       -0.0495113            2.41585
-60.9799      50.7016       -0.0498112            2.41585
-60.8599      50.6952       -0.0501115            2.41585
-60.7399      50.6886       -0.0504125            2.41585
-60.6199      50.6821       -0.0507141            2.41585
-60.4999      50.6756       -0.0510165            2.41585
-60.3799      50.669       -0.0513195            2.41585
-60.2599      50.6624       -0.0516234            2.41585
-60.1399      50.6558       -0.0519281            2.41585
-60.0199      50.6492       -0.0522337            2.41585
-59.8999      50.6426       -0.0525402            2.41585
-59.7799      50.6359       -0.0528477            2.41585
-59.6599      50.6292       -0.0531562            2.41585
-59.5399      50.6225       -0.0534659            2.41585
-59.4199      50.6158       -0.0537766            2.41585
-59.2999      50.6091       -0.0540886            2.41585
-59.1799      50.6023       -0.0544017            2.41585
-59.0599      50.5956       -0.0547161            2.41585
-58.9399      50.5888       -0.0550319            2.41585
-58.8199      50.582       -0.055349            2.41585
-58.6999      50.5751       -0.0556675            2.41585
-58.5799      50.5683       -0.0559874            2.41585
-58.4599      50.5614       -0.0563088            2.41585
-58.3399      50.5545       -0.0566318            2.41585
-58.2199      50.5476       -0.0569564            2.41585
-58.0999      50.5406       -0.0572826            2.41585
-57.9799      50.5336       -0.0576105            2.41585
-57.8599      50.5266       -0.0579401            2.41585
-57.7399      50.5196       -0.0582715            2.41585
-57.6199      50.5126       -0.0586047            2.41585
-57.4999      50.5055       -0.0589398            2.41585
-57.3799      50.4984       -0.0592768            2.41585
-57.2599      50.4913       -0.0596157            2.41585
-57.1399      50.4841       -0.0599566            2.41585
-57.0199      50.477       -0.0602996            2.41585
-56.8999      50.4698       -0.0606447            2.41585
-56.7799      50.4626       -0.0609919            2.41585
-56.6599      50.4553       -0.0613414            2.41585
-56.5399      50.448       -0.061693            2.41585
-56.4199      50.4407       -0.062047            2.41585
-56.2999      50.4334       -0.0624033            2.41585
-56.1799      50.426       -0.062762            2.41585
-56.0599      50.4187       -0.0631231            2.41585
-55.9399      50.4112       -0.0634868            2.41585
-55.8199      50.4038       -0.0638529            2.41585
-55.6999      50.3963       -0.0642217            2.41585
-55.5799      50.3888       -0.0645931            2.41585
-55.4599      50.3813       -0.0649672            2.41585
-55.3399      50.3737       -0.0653441            2.41585
-55.2199      50.3661       -0.0657238            2.41585
-55.0999      50.3585       -0.0661064            2.41585
-54.9799      50.3508       -0.0664918            2.41585
-54.8599      50.3431       -0.0668803            2.41585
-54.7399      50.3354       -0.0672717            2.41585
-54.6199      50.3277       -0.0676663            2.41585
-54.4999      50.3199       -0.068064            2.41585
-54.3799      50.3121       -0.068465            2.41585
-54.2599      50.3042       -0.0688691            2.41585
-54.2599       0       0


-49.7967       0       0
-49.7967      49.9838       -0.0868914            2.41585
-49.6767      49.9743       -0.087478            2.41585
-49.5567      49.9647       -0.0880713            2.41585
-49.4367      49.9551       -0.0886714            2.41585
-49.3167      49.9454       -0.0892785            2.41585
-49.1967      49.9357       -0.0898927            2.41585
-49.0767      49.9259       -0.0905142            2.41585
-48.9567      49.916       -0.0911431            2.41585
-48.8367      49.9061       -0.0917795            2.41585
-48.7167      49.8962       -0.0924236            2.41585
-48.5967      49.8862       -0.0930755            2.41585
-48.4767      49.8761       -0.0937354            2.41585
-48.3567      49.8659       -0.0944035            2.41585
-48.2367      49.8557       -0.0950799            2.41585
-48.1167      49.8454       -0.0957648            2.41585
-47.9967      49.8351       -0.0964584            2.41585
-47.8767      49.8247       -0.0971608            2.41585
-47.7567      49.8142       -0.0978722            2.41585
-47.6367      49.8037       -0.0985928            2.41585
-47.5167      49.7931       -0.0993227            2.41585
-47.3967      49.7824       -0.100062            2.41585
-47.2767      49.7717       -0.100812            2.41585
-47.1567      49.7609       -0.101571            2.41585
-47.0367      49.75       -0.10234            2.41585
-46.9167      49.739       -0.10312            2.41585
-46.7967      49.728       -0.103911            2.41585
-46.6767      49.7168       -0.104712            2.41585
-46.5567      49.7057       -0.105525            2.41585
-46.4367      49.6944       -0.106349            2.41585
-46.3167      49.683       -0.107184            2.41585
-46.1967      49.6716       -0.108031            2.41585
-46.0767      49.6601       -0.10889            2.41585
-45.9567      49.6485       -0.109762            2.41585
-45.8367      49.6368       -0.110646            2.41585
-45.7167      49.6251       -0.111543            2.41585
-45.5967      49.6132       -0.112454            2.41585
-45.4767      49.6013       -0.113378            2.41585
-45.3567      49.5893       -0.114315            2.41585
-45.2367      49.5772       -0.115267            2.41585
-45.1167      49.565       -0.116233            2.41585
-44.9967      49.5527       -0.117214            2.41585
-44.8767      49.5403       -0.11821            2.41585
-44.7567      49.5278       -0.119221            2.41585
-44.6367      49.5152       -0.120249            2.41585
-44.5167      49.5025       -0.121292            2.41585
-44.3967      49.4897       -0.122352            2.41585
-44.2767      49.4768       -0.123429            2.41585
-44.1567      49.4638       -0.124523            2.41585
-44.0367      49.4507       -0.125635            2.41585
-43.9167      49.4375       -0.126766            2.41585
-43.7967      49.4242       -0.127915            2.41585
-43.6767      49.4108       -0.129083            2.41585
-43.5567      49.3972       -0.13027            2.41585
-43.4367      49.3836       -0.131478            2.41585
-43.3167      49.3698       -0.132707            2.41585
-43.1967      49.3559       -0.133956            2.41585
-43.0767      49.3419       -0.135227            2.41585
-42.9567      49.3277       -0.136521            2.41585
-42.8367      49.3135       -0.137837            2.41585
-42.7167      49.2991       -0.139177            2.41585
-42.5967      49.2845       -0.14054            2.41585
-42.4767      49.2699       -0.141928            2.41585
-42.3567      49.2551       -0.143342            2.41585
-42.2367      49.2401       -0.144781            2.41585
-42.1167      49.2251       -0.146247            2.41585
-41.9967      49.2099       -0.147741            2.41585
-41.8767      49.1945       -0.149262            2.41585
-41.7567      49.179       -0.150812            2.41585
-41.6367      49.1633       -0.152393            2.41585
-41.5167      49.1475       -0.154003            2.41585
-41.3967      49.1315       -0.155645            2.41585
-41.2767      49.1154       -0.157319            2.41585
-41.1567      49.0991       -0.159027            2.41585
-41.0367      49.0826       -0.160768            2.41585
-40.9167      49.066       -0.162545            2.41585
-40.7967      49.0492       -0.164358            2.41585
-40.6767      49.0322       -0.166208            2.41585
-40.5567      49.015       -0.168096            2.41585
-40.4367      48.9977       -0.170024            2.41585
-40.3167      48.9801       -0.171992            2.41585
-40.1967      48.9624       -0.174003            2.41585
-40.0767      48.9445       -0.176056            2.41585
-39.9567      48.9263       -0.178154            2.41585
-39.8367      48.908       -0.180298            2.41585
-39.7167      48.8894       -0.182489            2.41585
-39.5967      48.8707       -0.184729            2.41585
-39.4767      48.8517       -0.18702            2.41585
-39.3567      48.8325       -0.189362            2.41585
-39.2367      48.8131       -0.191758            2.41585
-39.1167      48.7934       -0.194209            2.41585
-38.9967      48.7735       -0.196718            2.41585
-38.8767      48.7533       -0.199286            2.41585
-38.7567      48.7329       -0.201915            2.41585
-38.6367      48.7123       -0.204607            2.41585
-38.5167      48.6914       -0.207365            2.41585
-38.3967      48.6702       -0.21019            2.41585
-38.2767      48.6487       -0.213085            2.41585
-38.1567      48.6269       -0.216052            2.41585
-38.0367      48.6049       -0.219095            2.41585
-37.9167      48.5826       -0.222215            2.41585
-37.7967      48.5599       -0.225415            2.41585
-37.6767      48.537       -0.228699            2.41585
-37.5567      48.5137       -0.23207            2.41585
-37.4367      48.4901       -0.23553            2.41585
-37.3167      48.4662       -0.239083            2.41585
-37.1967      48.4419       -0.242732            2.41585
-37.0767      48.4172       -0.246482            2.41585
-36.9567      48.3922       -0.250335            2.41585
-36.8367      48.3668       -0.254297            2.41585
-36.7167      48.3411       -0.258371            2.41585
-36.5967      48.3149       -0.262562            2.41585
-36.4767      48.2883       -0.266874            2.41585
-36.3567      48.2613       -0.271313            2.41585
-36.2367      48.2339       -0.275884            2.41585
-36.1167      48.2061       -0.280591            2.41585
-35.9967      48.1777       -0.285441            2.41585
-35.8767      48.149       -0.29044            2.41585
-35.7567      48.1197       -0.295594            2.41585
-35.6367      48.0899       -0.30091            2.41585
-35.5167      48.0596       -0.306395            2.41585
-35.3967      48.0288       -0.312056            2.41585
-35.2767      47.9975       -0.317901            2.41585
-35.1567      47.9655       -0.323939            2.41585
-35.0367      47.933       -0.330178            2.41585
-34.9167      47.8999       -0.336628            2.41585
-34.7967      47.8662       -0.343298            2.41585
-34.6767      47.8318       -0.350199            2.41585
-34.5567      47.7968       -0.357342            2.41585
-34.4367      47.7611       -0.364739            2.41585
-34.3167      47.7247       -0.372402            2.41585
-34.1967      47.6876       -0.380344            2.41585
-34.0767      47.6496       -0.388579            2.41585
-33.9567      47.611       -0.397123            2.41585
-33.8367      47.5715       -0.40599            2.41585
-33.7167      47.5311       -0.415199            2.41585
-33.5967      47.4899       -0.424766            2.41585
-33.4767      47.4478       -0.434712            2.41585
-33.3567      47.4047       -0.445057            2.41585
-33.2367      47.3607       -0.455822            2.41585
-33.1167      47.3156       -0.467032            2.41585
-32.9967      47.2695       -0.478711            2.41585
-32.8767      47.2223       -0.490886            2.41585
-32.7567      47.174       -0.503586            2.41585
-32.6367      47.1245       -0.516842            2.41585
-32.5167      47.0737       -0.530687            2.41585
-32.3967      47.0217       -0.545158            2.41585
-32.2767      46.9683       -0.560292            2.41585
-32.1567      46.9135       -0.576131            2.41585
-32.0367      46.8573       -0.592719            2.41585
-31.9167      46.7996       -0.610106            2.41585
-31.7967      46.7402       -0.628344            2.41585
-31.6767      46.6793       -0.647488            2.41585
-31.5567      46.6165       -0.667601            2.41585
-31.4367      46.552       -0.688749            2.41585
-31.3167      46.4855       -0.711004            2.41585
-31.1967      46.4171       -0.734446            2.41585
-31.0767      46.3466       -0.759159            2.41585
-30.9567      46.2739       -0.785237            2.41585
-30.8367      46.1989       -0.812783            2.41585
-30.7167      46.1215       -0.841908            2.41585
-30.5967      46.0415       -0.872734            2.41585
-30.4767      45.9589       -0.905397            2.41585
-30.3567      45.8735       -0.940043            2.41585
-30.2367      45.7852       -0.976836            2.41585
-30.1167      45.6937       -1.01595            2.41585
-29.9967      45.599       -1.0576            2.41585
-29.8767      45.5009       -1.10198            2.41585
-29.7567      45.3991       -1.14935            2.41585
-29.6367      45.2934       -1.19998            2.41585
-29.5167      45.1838       -1.25416            2.41585
-29.3967      45.0698       -1.31223            2.41585
-29.2767      44.9514       -1.37456            2.41585
-29.1567      44.8282       -1.44158            2.41585
-29.0367      44.7       -1.51376            2.41585
-28.9167      44.5664       -1.59161            2.41585
-28.7967      44.4273       -1.67574            2.41585
-28.6767      44.2822       -1.76681            2.41585
-28.5567      44.131       -1.8656            2.41585
-28.4367      43.9731       -1.97296            2.41585
-28.3167      43.8084       -2.08987            2.41585
-28.1967      43.6365       -2.21745            2.41585
-28.0767      43.4571       -2.35697            2.41585
-27.9567      43.2698       -2.5099            2.41585
-27.8367      43.0745       -2.67791            2.41585
-27.7167      42.8709       -2.86293            2.41585
-27.5967      42.6589       -3.06715            2.41585
-27.4767      42.4386       -3.29314            2.41585
-27.3567      42.21       -3.54382            2.41585
-27.2367      41.9738       -3.82258            2.41585
-27.1167      41.7306       -4.1333            2.41585
-26.9967      41.4819       -4.48045            2.41585
-26.8767      41.2295       -4.86913            2.41585
-26.7567      40.9764       -5.30515            2.41585
-26.6367      40.7265       -5.79503            2.41585
-26.5167      40.4855       -6.346            2.41585
-26.3967      40.2612       -6.96586            2.41585
-26.2767      40.0639       -7.66273            2.41585
-26.1567      39.9077       -8.44457            2.41585
-26.0367      39.8107       -9.31827            2.41585
-25.9167      39.7962       -10.2883            2.41585
-25.7967      39.8931       -11.3547            2.41585
-25.6767      40.1359       -12.51            2.41585
-25.5567      40.5633       -13.7358            2.41585
-25.4367      41.215       -14.9989            2.41585
-25.3167      42.1257       -16.2478            2.41585
-25.1967      43.3161       -17.412            2.41585
-25.0767      44.7826       -18.4068            2.41585
-24.9567      46.4881       -19.1435            2.41585
-24.8367      48.3595       -19.5463            2.41585
-24.7167      50.2945       -19.5699            2.41585
-24.5967      52.1791       -19.2117            2.41585
-24.4767      53.9087       -18.5124            2.41585
-24.3567      55.4059       -17.5449            2.41585
-24.2367      56.6295       -16.3973            2.41585
-24.1167      57.5722       -15.1556            2.41585
-23.9967      58.2524       -13.8923            2.41585
-23.8767      58.7037       -12.6611            2.41585
-23.7567      58.9654       -11.4973            2.41585
-23.6367      59.0768       -10.4209            2.41585
-23.5167      59.0728       -9.44049            2.41585
-23.3967      58.9831       -8.55665            2.41585
-23.2767      58.8315       -7.76538            2.41585
-23.1567      58.6369       -7.05997            2.41585
-23.0367      58.4136       -6.43254            2.41585
-22.9167      58.1724       -5.87497            2.41585
-22.7967      57.9215       -5.37938            2.41585
-22.6767      57.6666       -4.93848            2.41585
-22.5567      57.4119       -4.54567            2.41585
-22.4367      57.1605       -4.19504            2.41585
-22.3167      56.9144       -3.88142            2.41585
-22.1967      56.6749       -3.60027            2.41585
-22.0767      56.4429       -3.34764            2.41585
-21.9567      56.219       -3.12008            2.41585
-21.8367      56.0033       -2.91461            2.41585
-21.7167      55.7958       -2.72865            2.41585
-21.5967      55.5966       -2.55994            2.41585
-21.4767      55.4053       -2.40654            2.41585
-21.3567      55.2218       -2.26673            2.41585
-21.2367      55.0457       -2.13905            2.41585
-21.1167      54.8767       -2.02218            2.41585
-20.9967      54.7145       -1.915            2.41585
-20.8767      54.5588       -1.81651            2.41585
-20.7567      54.4092       -1.72583            2.41585
-20.6367      54.2655       -1.6422            2.41585
-20.5167      54.1272       -1.56492            2.41585
-20.3967      53.9942       -1.49341            2.41585
-20.2767      53.8661       -1.42712            2.41585
-20.1567      53.7427       -1.36557            2.41585
-20.0367      53.6237       -1.30835            2.41585
-19.9167      53.5088       -1.25507            2.41585
-19.7967      53.3979       -1.2054            2.41585
-19.6767      53.2907       -1.15903            2.41585
-19.5567      53.187       -1.11569            2.41585
-19.4367      53.0867       -1.07513            2.41585
-19.3167      52.9895       -1.03714            2.41585
-19.1967      52.8953       -1.00151            2.41585
-19.0767      52.8039       -0.968059            2.41585
-18.3767      52.3198       -0.808778            2.41585
-17.6767      51.9032       -0.6951            2.41585
-16.9767      51.5364       -0.61251            2.41585
-16.2767      51.2069       -0.55208            2.41585
-15.5767      50.905       -0.508196            2.41585
-14.8767      50.6231       -0.477345            2.41585
-14.1767      50.3552       -0.457473            2.41585
-13.4767      50.0957       -0.447704            2.41585
-12.7767      49.8397       -0.448343            2.41585
-12.0767      49.5817       -0.461237            2.41585
-11.3767      49.3159       -0.49079            2.41585
-10.6767      49.0353       -0.546393            2.41585
-9.97675      48.7335       -0.648368            2.41585
-9.27675      48.4152       -0.841641            2.41585
-8.57675      48.1532       -1.20804            2.41585
-7.87675      48.2167       -1.69625            2.41585
-7.17675      48.5268       -1.7898            2.41585
-6.47675      48.5345       -1.77011            2.41585
-5.77675      48.7205       -1.89823            2.41585
-5.07675      48.9668       -1.58301            2.41585
-4.37675      48.7623       -1.2068            2.41585
-3.67675      48.4071       -1.09721            2.41585
-2.97675      48.1377       -1.19975            2.41585
-2.27675      48.1329       -1.32695            2.41585
-1.57675      48.1753       -1.12361            2.41585
-0.876747      47.9371       -0.859336            2.41585
-0.176747      47.5926       -0.719282            2.41585
0.523253      47.2359       -0.659346            2.41585
1.22325      46.8798       -0.640634            2.41585
1.92325      46.5185       -0.6453            2.41585
2.62325      46.1448       -0.667185            2.41585
3.32325      45.7526       -0.703658            2.41585
4.02325      45.3352       -0.754145            2.41585
4.72325      44.885       -0.819754            2.41585
5.42325      44.3935       -0.903086            2.41585
6.12325      43.8504       -1.00842            2.41585
6.82325      43.2426       -1.14231            2.41585
7.52325      42.5535       -1.31464            2.41585
8.22325      41.7605       -1.54073            2.41585
8.92325      40.8335       -1.84501            2.41585
9.62325      39.7303       -2.26836            2.41585
10.3233      38.3926       -2.88335            2.41585
11.0233      36.7427       -3.82808            2.41585
11.7233      34.7031       -5.386            2.41585
12.4233      32.3445       -8.16238            2.41585
13.1233      30.6519       -13.1736            2.41585
13.8233      32.7418       -19.3605            2.41585
14.5233      36.1302       -21.3741            2.41585
15.2233      35.4861       -25.1242            2.41585
15.9233      39.862       -35.9683            2.41585
16.6233      58.3333       -39.7241            2.41585
17.3233      69.8417       -26.5            2.41585
18.0233      69.1707       -15.3249            2.41585
18.7233      65.8202       -9.4626            2.41585
19.4233      62.6922       -6.40712            2.41585
20.1233      60.1304       -4.70543            2.41585
20.8233      58.0306       -3.70583            2.41585
21.5233      56.2537       -3.11085            2.41585
22.2233      54.6863       -2.78272            2.41585
22.9233      53.2413       -2.66825            2.41585
23.6233      51.8582       -2.77803            2.41585
24.3233      50.5456       -3.17138            2.41585
25.0233      49.357       -3.81529            2.41585
25.7233      48.1138       -4.86104            2.41585
26.4233      47.3769       -6.90879            2.41585
27.1233      48.4633       -8.89754            2.41585
27.8233      49.5432       -9.36148            2.41585
28.5233      50.5703       -10.4996            2.41585
29.2233      53.1933       -10.4744            2.41585
29.9233      54.8872       -8.3259            2.41585
30.6233      54.54       -5.86788            2.41585
31.3233      53.0884       -4.52569            2.41585
32.0233      51.5422       -4.13378            2.41585
32.7233      50.1221       -4.36119            2.41585
33.4233      48.8683       -5.08019            2.41585
34.1233      47.9091       -6.52499            2.41585
34.8233      48.1961       -8.50956            2.41585
35.5233      49.4159       -9.301            2.41585
36.2233      50.1844       -10.1575            2.41585
36.9233      52.6436       -10.3316            2.41585
37.6233      53.7576       -8.11384            2.41585
38.3233      53.1996       -6.74369            2.41585
39.0233      52.6922       -5.71078            2.41585
39.7233      51.4084       -4.75183            2.41585
40.4233      49.5807       -4.64527            2.41585
41.1233      47.6135       -5.56635            2.41585
41.8233      45.9678       -7.99485            2.41585
42.5233      46.6517       -12.2172            2.41585
43.2233      51.617       -13.8311            2.41585
43.9233      54.0176       -10.5524            2.41585
44.6233      52.7006       -8.66142            2.41585
45.3233      51.1998       -9.66464            2.41585
46.0233      52.7521       -12.2741            2.41585
46.7233      56.9178       -11.0225            2.41585
47.4233      57.5924       -7.20875            2.41585
48.1233      56.1509       -4.86342            2.41585
48.8233      54.4277       -3.7814            2.41585
49.5233      52.7834       -3.43427            2.41585
50.2233      51.2468       -3.68407            2.41585
50.9233      50.0205       -4.7034            2.41585
51.6233      50.1169       -6.3999            2.41585
52.3233      51.8458       -6.46023            2.41585
53.0233      52.0936       -4.75347            2.41585
53.7233      50.9836       -3.59591            2.41585
54.4233      49.5405       -3.1538            2.41585
55.1233      48.0238       -3.20131            2.41585
55.8233      46.4612       -3.71716            2.41585
56.5233      45.0038       -4.8939            2.41585
57.2233      44.3243       -6.82345            2.41585
57.9233      45.2865       -8.207            2.41585
58.6233      45.7168       -7.50414            2.41585
59.3233      44.2223       -7.1093            2.41585
60.0233      42.2187       -8.31152            2.41585
60.7233      41.2123       -11.0748            2.41585
61.4233      42.6851       -13.7224            2.41585
62.1233      44.919       -13.2199            2.41585
62.8233      43.8954       -11.3793            2.41585
63.5233      40.8491       -11.6876            2.41585
64.2233      38.2037       -14.4616            2.41585
64.9233      37.3073       -17.6664            2.41585
65.6233      35.4644       -20.2033            2.41585
66.3233      31.4095       -25.8827            2.41585
67.0233      29.5074       -39.3499            2.41585
67.7233      42.2295       -58.3768            2.41585
68.4233      71.2758       -58.5733            2.41585
69.1233      84.6483       -38.9919            2.41585
69.8233      83.1646       -24.2494            2.41585
70.5233      78.1432       -16.5143            2.41585
71.2233      73.1841       -13.3809            2.41585
71.9233      69.9244       -13.3438            2.41585
72.6233      69.759       -14.1221            2.41585
73.3233      70.9856       -12.2648            2.41585
74.0233      69.6799       -9.57329            2.41585
74.7233      67.4713       -9.07139            2.41585
75.4233      67.1569       -10.3232            2.41585
76.1233      69.2714       -9.53897            2.41585
76.8233      69.433       -6.56378            2.41585
77.5233      67.9799       -4.4808            2.41585
78.2233      66.3317       -3.35055            2.41585
78.9233      64.83       -2.72967            2.41585
79.6233      63.482       -2.3812            2.41585
80.3233      62.2395       -2.20167            2.41585
81.0233      61.0517       -2.15229            2.41585
81.7233      59.8709       -2.23379            2.41585
82.4233      58.6566       -2.48481            2.41585
83.1233      57.388       -2.97775            2.41585
83.8233      56.0097       -3.83903            2.41585
84.5233      54.5511       -5.53696            2.41585
85.2233      53.9415       -8.86216            2.41585
85.9233      57.0677       -12.6855            2.41585
86.6233      62.1094       -11.3291            2.41585
87.3233      62.9985       -7.72268            2.41585
88.0233      61.6969       -5.66384            2.41585
88.7233      59.9446       -5.0771            2.41585
89.4233      58.2791       -5.73875            2.41585
90.1233      57.5296       -7.75442            2.41585
90.8233      59.0632       -9.98231            2.41585
91.5233      62.1575       -9.70439            2.41585
92.2233      63.2275       -7.29362            2.41585
92.9233      62.5215       -5.70658            2.41585
93.6233      61.6064       -5.10238            2.41585
94.3233      60.6442       -5.10809            2.41585
95.0233      60.2433       -6.11963            2.41585
95.7233      61.6321       -6.69931            2.41585
96.4233      62.4949       -5.26929            2.41585
97.1233      61.8586       -4.20949            2.41585
97.8233      61.2526       -4.09974            2.41585
98.5233      61.2435       -3.96146            2.41585
99.2233      60.9866       -3.46518            2.41585
99.9233      60.4744       -3.31628            2.41585
100.623      60.3182       -3.37298            2.41585
101.323      60.2134       -3.01835            2.41585
102.023      59.6729       -2.73312            2.41585
102.723      59.0381       -2.87647            2.41585
103.423      58.8663       -3.40512            2.41585
104.123      59.1944       -3.33921            2.41585
104.823      58.84       -2.91718            2.41585
105.523      58.168       -3.05473            2.41585
106.223      57.7275       -3.57134            2.41585
106.923      57.4348       -4.51538            2.41585
107.623      58.4396       -6.01872            2.41585
108.323      60.7866       -5.5141            2.41585
109.023      61.3272       -3.54502            2.41585
109.723      60.7165       -2.28176            2.41585
110.423      59.9566       -1.63675            2.41585
111.123      59.2594       -1.29877            2.41585
111.823      58.6332       -1.11507            2.41585
112.523      58.0559       -1.01787            2.41585
113.223      57.5049       -0.976668            2.41585
113.923      56.9606       -0.978749            2.41585
114.623      56.4049       -1.02208            2.41585
115.323      55.8195       -1.1143            2.41585
116.023      55.1847       -1.27705            2.41585
116.723      54.4861       -1.5588            2.41585
117.423      53.7516       -2.05249            2.41585
118.123      53.1438       -2.81452            2.41585
118.823      52.7443       -3.69047            2.41585
119.523      52.572       -4.75413            2.41585
120.223      52.8072       -5.78724            2.41585
120.923      53.5825       -6.6366            2.41585
121.623      54.4184       -6.37608            2.41585
122.323      54.1091       -5.96876            2.41585
123.023      53.5715       -6.22377            2.41585
123.723      53.0855       -6.74202            2.41585
124.423      52.7017       -7.35544            2.41585
125.123      51.7982       -8.01738            2.41585
125.823      50.3571       -10.0947            2.41585
126.523      50.3494       -14.3211            2.41585
127.223      54.3859       -18.8737            2.41585
127.923      61.2509       -18.0457            2.41585
128.623      63.3268       -13.4361            2.41585
129.323      61.7266       -11.1108            2.41585
130.023      59.8914       -12.2858            2.41585
130.723      61.7045       -16.0412            2.41585
131.423      68.0608       -15.4266            2.41585
132.123      70.4364       -10.2208            2.41585
132.823      69.4491       -6.4681            2.41585
133.523      67.77       -4.46197            2.41585
134.223      66.1937       -3.51155            2.41585
134.923      64.8507       -3.22591            2.41585
135.623      63.8724       -3.57688            2.41585
136.323      63.907       -4.27669            2.41585
137.023      64.6311       -3.882            2.41585
137.723      64.4337       -2.99692            2.41585
138.423      63.9367       -2.73613            2.41585
139.123      63.9824       -2.67972            2.41585
139.823      64.0692       -2.0434            2.41585
140.523      63.6802       -1.42018            2.41585
141.223      63.1848       -1.0673            2.41585
141.923      62.7483       -0.870943            2.41585
142.623      62.3767       -0.728429            2.41585
143.323      62.0322       -0.619237            2.41585
144.023      61.7152       -0.543839            2.41585
144.723      61.4256       -0.491242            2.41585
145.423      61.1581       -0.453946            2.41585
146.123      60.9072       -0.428188            2.41585
146.823      60.668       -0.412469            2.41585
147.523      60.4358       -0.40702            2.41585
148.223      60.2058       -0.414123            2.41585
148.923      59.9731       -0.439546            2.41585
149.623      59.7345       -0.496075            2.41585
150.323      59.4987       -0.607588            2.41585
151.023      59.3079       -0.788387            2.41585
151.723      59.1947       -1.01093            2.41585
152.423      59.2187       -1.244            2.41585
153.123      59.2958       -1.31536            2.41585
153.823      59.2642       -1.44351            2.41585
154.523      59.4836       -1.63128            2.41585
155.223      59.7152       -1.48152            2.41585
155.923      59.7675       -1.35837            2.41585
156.623      59.8832       -1.20499            2.41585
157.323      59.8893       -0.898621            2.41585
158.023      59.7016       -0.648588            2.41585
158.723      59.4661       -0.52072            2.41585
159.423      59.236       -0.46824            2.41585
160.123      59.0212       -0.470247            2.41585
160.823      58.8351       -0.50214            2.41585
161.523      58.6389       -0.536691            2.41585
162.223      58.399       -0.633033            2.41585
162.923      58.1532       -0.867803            2.41585
163.623      58.052       -1.3223            2.41585
164.323      58.4227       -1.77681            2.41585
165.023      58.9812       -1.65804            2.41585
165.723      59.0925       -1.22021            2.41585
166.423      58.8714       -0.979614            2.41585
167.123      58.5896       -0.971156            2.41585
167.823      58.331       -1.20779            2.41585
168.523      58.3802       -1.75288            2.41585
169.223      59.1349       -2.01818            2.41585
169.923      59.6617       -1.42788            2.41585
170.623      59.5813       -0.877545            2.41585
171.323      59.3535       -0.584605            2.41585
172.023      59.1346       -0.432244            2.41585
172.723      58.9446       -0.346793            2.41585
173.423      58.7768       -0.295788            2.41585
174.123      58.6242       -0.265775            2.41585
174.823      58.4815       -0.249874            2.41585
175.523      58.3437       -0.245004            2.41585
176.223      58.2062       -0.250786            2.41585
176.923      58.0645       -0.269526            2.41585
177.623      57.9138       -0.307706            2.41585
178.323      57.7508       -0.380262            2.41585
179.023      57.585       -0.518538            2.41585
179.723      57.4801       -0.757749            2.41585
180.423      57.5454       -1.0232            2.41585
181.123      57.7597       -1.17366            2.41585
181.823      57.9757       -1.05714            2.41585
182.523      57.9265       -0.873115            2.41585
183.223      57.7369       -0.831675            2.41585
183.923      57.5389       -1.00136            2.41585
184.623      57.586       -1.3587            2.41585
185.323      57.9682       -1.44828            2.41585
186.023      58.1356       -1.22052            2.41585
186.723      58.073       -1.02731            2.41585
187.423      57.9078       -1.00412            2.41585
188.123      57.8632       -1.12343            2.41585
188.823      57.928       -1.11874            2.41585
189.523      57.8375       -1.05995            2.41585
190.223      57.6665       -1.1661            2.41585
190.923      57.5832       -1.47629            2.41585
191.623      57.8732       -1.87262            2.41585
192.323      58.3484       -1.79448            2.41585
193.023      58.4312       -1.63751            2.41585
193.723      58.661       -1.74683            2.41585
194.423      59.1185       -1.48183            2.41585
195.123      59.2164       -1.00339            2.41585
195.823      59.0963       -0.648252            2.41585
196.523      58.9153       -0.436793            2.41585
197.223      58.7484       -0.317729            2.41585
197.923      58.608       -0.246373            2.41585
198.623      58.4902       -0.200294            2.41585
199.323      58.3897       -0.168647            2.41585
200.023      58.3023       -0.145838            2.41585
200.723      58.2249       -0.128769            2.41585
201.423      58.1555       -0.11561            2.41585
202.123      58.0924       -0.105223            2.41585
202.823      58.0343       -0.0968727            2.41585
203.523      57.9804       -0.0900643            2.41585
204.223      57.9299       -0.0844583            2.41585
204.923      57.8823       -0.0798177            2.41585
205.623      57.8371       -0.075977            2.41585
206.323      57.7939       -0.0728225            2.41585
207.023      57.7523       -0.0702822            2.41585
207.723      57.712       -0.0683196            2.41585
208.423      57.6726       -0.066934            2.41585
209.123      57.634       -0.0661653            2.41585
209.823      57.5957       -0.0661067            2.41585
210.523      57.5573       -0.0669301            2.41585
211.223      57.5183       -0.0689335            2.41585
211.923      57.4782       -0.0726348            2.41585
212.623      57.4359       -0.0789604            2.41585
213.323      57.3905       -0.0896543            2.41585
214.023      57.3402       -0.108221            2.41585
214.723      57.2842       -0.142215            2.41585
215.423      57.2263       -0.208485            2.41585
216.123      57.2       -0.336736            2.41585
216.823      57.3193       -0.492574            2.41585
217.523      57.5361       -0.441535            2.41585
218.223      57.5816       -0.280005            2.41585
218.923      57.5359       -0.184526            2.41585
219.623      57.4837       -0.143602            2.41585
220.323      57.4505       -0.124471            2.41585
221.023      57.4244       -0.0990419            2.41585
221.723      57.3903       -0.0769024            2.41585
222.423      57.3556       -0.0633048            2.41585
223.123      57.3238       -0.0548518            2.41585
223.823      57.2946       -0.049174            2.41585
224.523      57.2677       -0.0450927            2.41585
225.223      57.2426       -0.0420023            2.41585
225.923      57.219       -0.0395664            2.41585
226.623      57.1965       -0.0375847            2.41585
227.323      57.175       -0.035931            2.41585
228.023      57.1544       -0.0345217            2.41585
228.723      57.1345       -0.0332995            2.41585
229.423      57.1153       -0.0322239            2.41585
230.123      57.0966       -0.0312653            2.41585
230.823      57.0785       -0.0304018            2.41585
231.523      57.0608       -0.0296168            2.41585
232.223      57.0436       -0.0288974            2.41585
232.923      57.0268       -0.0282334            2.41585
233.623      57.0103       -0.027617            2.41585
234.323      56.9942       -0.0270416            2.41585
235.023      56.9784       -0.0265019            2.41585
235.723      56.9629       -0.0259937            2.41585
236.423      56.9477       -0.0255134            2.41585
237.123      56.9327       -0.0250578            2.41585
237.823      56.9181       -0.0246246            2.41585
238.523      56.9036       -0.0242114            2.41585
239.223      56.8894       -0.0238165            2.41585
239.923      56.8755       -0.0234382            2.41585
240.623      56.8617       -0.0230752            2.41585
241.323      56.8482       -0.0227261            2.41585
242.023      56.8348       -0.02239            2.41585
242.723      56.8217       -0.0220658            2.41585
243.423      56.8087       -0.0217527            2.41585
244.123      56.7959       -0.0214501            2.41585
244.823      56.7833       -0.0211571            2.41585
245.523      56.7709       -0.0208732            2.41585
246.223      56.7586       -0.0205978            2.41585
246.923      56.7464       -0.0203305            2.41585
247.623      56.7345       -0.0200707            2.41585
248.323      56.7227       -0.0198182            2.41585
249.023      56.711       -0.0195724            2.41585
249.723      56.6995       -0.0193331            2.41585
250.423      56.6881       -0.0190999            2.41585
251.123      56.6768       -0.0188725            2.41585
251.823      56.6657       -0.0186508            2.41585
252.523      56.6547       -0.0184343            2.41585
253.223      56.6438       -0.0182229            2.41585
253.923      56.6331       -0.0180164            2.41585
254.623      56.6224       -0.0178145            2.41585
255.323      56.6119       -0.0176171            2.41585
256.023      56.6015       -0.017424            2.41585
256.723      56.5912       -0.0172351            2.41585
257.423      56.581       -0.0170501            2.41585
258.123      56.571       -0.0168689            2.41585
258.823      56.561       -0.0166914            2.41585
259.523      56.5512       -0.0165175            2.41585
260.223      56.5414       -0.016347            2.41585
260.923      56.5317       -0.0161798            2.41585
261.623      56.5222       -0.0160158            2.41585
262.323      56.5127       -0.0158549            2.41585
263.023      56.5033       -0.015697            2.41585
263.723      56.494       -0.015542            2.41585
264.423      56.4848       -0.0153898            2.41585
265.123      56.4757       -0.0152403            2.41585
265.823      56.4667       -0.0150935            2.41585
266.523      56.4578       -0.0149493            2.41585
267.223      56.4489       -0.0148075            2.41585
