#
#
#   Lonertzian-smoothed self-energy (both particle and hole)
#
#   k = 2.54653 fm^-1 (group = 6)     and E_F = -52.0162 MeV
#
#   Sigma^{infty} = 68.3962 MeV
#
#
#    E               Re \Sig(k,E)       Im \Sig(k,E)             k 

-301.432      67.3472       -0.000772531            2.54653
-300.732      67.3442       -0.000738137            2.54653
-300.032      67.3412       -0.000701226            2.54653
-299.332      67.3381       -0.000661499            2.54653
-298.632      67.335       -0.000618605            2.54653
-297.932      67.3319       -0.000572128            2.54653
-297.232      67.3287       -0.000521569            2.54653
-296.532      67.3255       -0.000466332            2.54653
-295.832      67.3223       -0.000405689            2.54653
-295.132      67.3189       -0.000338753            2.54653
-294.432      67.3156       -0.000264424            2.54653
-293.732      67.3122       -0.000181326            2.54653
-293.032      67.3087       -8.77174e-05            2.54653
-292.332      67.3051       1.86377e-05            2.54653
-291.632      67.3015       0.000140652            2.54653
-290.932      67.2977       0.000282187            2.54653
-290.232      67.2939       0.000448458            2.54653
-289.532      67.2899       0.000646672            2.54653
-288.832      67.2859       0.000887043            2.54653
-288.132      67.2816       0.0011845            2.54653
-287.432      67.2772       0.0015617            2.54653
-286.732      67.2725       0.00205452            2.54653
-286.032      67.2675       0.00272309            2.54653
-285.332      67.2622       0.00367502            2.54653
-284.632      67.2563       0.0051185            2.54653
-283.932      67.2499       0.00748498            2.54653
-283.232      67.2433       0.0116211            2.54653
-282.532      67.2387       0.0179656            2.54653
-281.832      67.237       0.0221813            2.54653
-281.132      67.231       0.0244433            2.54653
-280.432      67.2212       0.033507            2.54653
-279.732      67.2165       0.0551338            2.54653
-279.032      67.238       0.0821301            2.54653
-278.332      67.2767       0.072043            2.54653
-277.632      67.2846       0.0425383            2.54653
-276.932      67.2763       0.0244755            2.54653
-276.232      67.266       0.0152667            2.54653
-275.532      67.2568       0.0103351            2.54653
-274.832      67.2486       0.00748505            2.54653
-274.132      67.2413       0.00572706            2.54653
-273.432      67.2346       0.0045872            2.54653
-272.732      67.2283       0.00382111            2.54653
-272.032      67.2223       0.00329402            2.54653
-271.332      67.2165       0.00292719            2.54653
-270.632      67.2108       0.0026724            2.54653
-269.932      67.2053       0.00249888            2.54653
-269.232      67.1997       0.00238639            2.54653
-268.532      67.1943       0.00232121            2.54653
-267.832      67.1888       0.00229391            2.54653
-267.132      67.1833       0.00229784            2.54653
-266.432      67.1777       0.00232835            2.54653
-265.732      67.1721       0.00238216            2.54653
-265.032      67.1665       0.002457            2.54653
-264.332      67.1608       0.00255137            2.54653
-263.632      67.155       0.00266437            2.54653
-262.932      67.1491       0.00279558            2.54653
-262.232      67.1432       0.00294501            2.54653
-261.532      67.1371       0.00311304            2.54653
-260.832      67.1309       0.0033004            2.54653
-260.132      67.1245       0.00350819            2.54653
-259.432      67.118       0.00373787            2.54653
-258.732      67.1114       0.00399132            2.54653
-258.032      67.1045       0.00427088            2.54653
-257.332      67.0975       0.00457946            2.54653
-256.632      67.0903       0.00492063            2.54653
-255.932      67.0828       0.00529881            2.54653
-255.232      67.0751       0.00571947            2.54653
-254.532      67.0672       0.00618948            2.54653
-253.832      67.0589       0.00671753            2.54653
-253.132      67.0503       0.00731483            2.54653
-252.432      67.0413       0.00799613            2.54653
-251.732      67.0318       0.00878124            2.54653
-251.032      67.0219       0.00969765            2.54653
-250.332      67.0114       0.0107849            2.54653
-249.632      67.0002       0.0121026            2.54653
-248.932      66.9882       0.0137461            2.54653
-248.232      66.9753       0.0158757            2.54653
-247.532      66.9612       0.0187395            2.54653
-246.832      66.9459       0.0225765            2.54653
-246.132      66.9288       0.0280876            2.54653
-245.432      66.9097       0.0373425            2.54653
-244.732      66.8914       0.0536121            2.54653
-244.032      66.8836       0.0751604            2.54653
-243.332      66.8831       0.0839757            2.54653
-242.632      66.8695       0.089151            2.54653
-241.932      66.851       0.109318            2.54653
-241.232      66.8573       0.144026            2.54653
-240.532      66.8888       0.139564            2.54653
-239.832      66.8803       0.107586            2.54653
-239.132      66.8452       0.0945931            2.54653
-238.432      66.8059       0.100923            2.54653
-237.732      66.7711       0.11947            2.54653
-237.032      66.7411       0.142549            2.54653
-236.332      66.7084       0.164495            2.54653
-235.632      66.6632       0.202468            2.54653
-234.932      66.6325       0.262402            2.54653
-234.232      66.6017       0.320075            2.54653
-233.532      66.5658       0.424637            2.54653
-232.832      66.5944       0.577852            2.54653
-232.132      66.7436       0.707225            2.54653
-231.432      66.9424       0.664097            2.54653
-230.732      66.9672       0.519205            2.54653
-230.032      66.8704       0.488994            2.54653
-229.332      66.806       0.58772            2.54653
-228.632      66.8203       0.727723            2.54653
-227.932      66.9415       0.950957            2.54653
-227.232      67.3655       1.01281            2.54653
-226.532      67.6243       0.679276            2.54653
-225.832      67.59       0.398023            2.54653
-225.132      67.4923       0.248801            2.54653
-224.432      67.4021       0.169639            2.54653
-223.732      67.3277       0.124312            2.54653
-223.032      67.2663       0.0964004            2.54653
-222.332      67.2147       0.0782018            2.54653
-221.632      67.1699       0.065829            2.54653
-220.932      67.1303       0.0571754            2.54653
-220.232      67.0943       0.0510292            2.54653
-219.532      67.0609       0.0466594            2.54653
-218.832      67.0295       0.0436097            2.54653
-218.132      66.9994       0.0415902            2.54653
-217.432      66.9701       0.0404178            2.54653
-216.732      66.9412       0.0399834            2.54653
-216.032      66.9122       0.0402352            2.54653
-215.332      66.8829       0.0411717            2.54653
-214.632      66.8529       0.0428463            2.54653
-213.932      66.8218       0.0453848            2.54653
-213.232      66.789       0.0490308            2.54653
-212.532      66.7541       0.0542495            2.54653
-211.832      66.7167       0.0619562            2.54653
-211.132      66.677       0.0737343            2.54653
-210.432      66.6381       0.0896717            2.54653
-209.732      66.5986       0.103687            2.54653
-209.032      66.5489       0.119038            2.54653
-208.332      66.4875       0.146321            2.54653
-207.632      66.4224       0.197805            2.54653
-206.932      66.3765       0.27006            2.54653
-206.232      66.3369       0.33567            2.54653
-205.532      66.2816       0.436048            2.54653
-204.832      66.2869       0.611538            2.54653
-204.132      66.4562       0.7227            2.54653
-203.432      66.5617       0.641521            2.54653
-202.732      66.5381       0.586453            2.54653
-202.032      66.494       0.594248            2.54653
-201.332      66.4852       0.617642            2.54653
-200.632      66.4521       0.584317            2.54653
-199.932      66.3066       0.58734            2.54653
-199.232      66.1205       0.739167            2.54653
-198.532      66.0385       1.08168            2.54653
-197.832      66.3025       1.44884            2.54653
-197.132      66.6814       1.38568            2.54653
-196.432      66.6937       1.2053            2.54653
-195.732      66.5621       1.27159            2.54653
-195.032      66.5899       1.55976            2.54653
-194.332      66.9231       1.78418            2.54653
-193.632      67.3424       1.70407            2.54653
-192.932      67.5341       1.39174            2.54653
-192.232      67.4937       1.19261            2.54653
-191.532      67.4533       1.11486            2.54653
-190.832      67.4317       1.06358            2.54653
-190.132      67.3648       1.04425            2.54653
-189.432      67.3122       1.18517            2.54653
-188.732      67.5323       1.39829            2.54653
-188.032      67.9237       1.30548            2.54653
-187.332      68.1325       0.956951            2.54653
-186.632      68.0696       0.625352            2.54653
-185.932      67.9132       0.451844            2.54653
-185.232      67.7751       0.389272            2.54653
-184.532      67.7012       0.374191            2.54653
-183.832      67.6506       0.33231            2.54653
-183.132      67.5791       0.318405            2.54653
-182.432      67.5637       0.338457            2.54653
-181.732      67.5838       0.289035            2.54653
-181.032      67.5412       0.217018            2.54653
-180.332      67.4784       0.183143            2.54653
-179.632      67.4302       0.166448            2.54653
-178.932      67.3881       0.14626            2.54653
-178.232      67.3384       0.123931            2.54653
-177.532      67.279       0.111339            2.54653
-176.832      67.2162       0.111856            2.54653
-176.132      67.1518       0.126517            2.54653
-175.432      67.0885       0.16117            2.54653
-174.732      67.0388       0.217841            2.54653
-174.032      66.9983       0.292298            2.54653
-173.332      66.9956       0.431776            2.54653
-172.632      67.169       0.554854            2.54653
-171.932      67.3539       0.435809            2.54653
-171.232      67.356       0.281739            2.54653
-170.532      67.3032       0.197344            2.54653
-169.832      67.2423       0.149875            2.54653
-169.132      67.1832       0.130612            2.54653
-168.432      67.1394       0.124447            2.54653
-167.732      67.0982       0.111128            2.54653
-167.032      67.0449       0.102744            2.54653
-166.332      66.9855       0.106643            2.54653
-165.632      66.9211       0.123096            2.54653
-164.932      66.8486       0.157598            2.54653
-164.232      66.7679       0.226018            2.54653
-163.532      66.6967       0.361278            2.54653
-162.832      66.7228       0.588365            2.54653
-162.132      66.9721       0.767444            2.54653
-161.432      67.2711       0.645857            2.54653
-160.732      67.3205       0.418136            2.54653
-160.032      67.2575       0.300544            2.54653
-159.332      67.2081       0.264793            2.54653
-158.632      67.2002       0.230832            2.54653
-157.932      67.1798       0.178684            2.54653
-157.232      67.1436       0.130939            2.54653
-156.532      67.0945       0.0965343            2.54653
-155.832      67.0444       0.0770976            2.54653
-155.132      66.9972       0.0665951            2.54653
-154.432      66.9526       0.0613532            2.54653
-153.732      66.9092       0.0598141            2.54653
-153.032      66.8658       0.061641            2.54653
-152.332      66.8211       0.0675459            2.54653
-151.632      66.7741       0.0798463            2.54653
-150.932      66.7255       0.10413            2.54653
-150.232      66.6858       0.150424            2.54653
-149.532      66.6922       0.207607            2.54653
-148.832      66.7277       0.198649            2.54653
-148.132      66.7025       0.157469            2.54653
-147.432      66.6447       0.145163            2.54653
-146.732      66.5871       0.155699            2.54653
-146.032      66.528       0.170195            2.54653
-145.332      66.4517       0.199151            2.54653
-144.632      66.3657       0.268675            2.54653
-143.932      66.3161       0.401743            2.54653
-143.232      66.3871       0.520285            2.54653
-142.532      66.4401       0.499385            2.54653
-141.832      66.3908       0.499896            2.54653
-141.132      66.327       0.558771            2.54653
-140.432      66.2846       0.688654            2.54653
-139.732      66.36       0.836963            2.54653
-139.032      66.4869       0.854835            2.54653
-138.332      66.4951       0.794579            2.54653
-137.632      66.4058       0.844973            2.54653
-136.932      66.4266       0.989435            2.54653
-136.232      66.475       1.02255            2.54653
-135.532      66.4155       1.12458            2.54653
-134.832      66.421       1.37532            2.54653
-134.132      66.663       1.71692            2.54653
-133.432      67.2065       1.80595            2.54653
-132.732      67.6303       1.45275            2.54653
-132.032      67.6503       1.06633            2.54653
-131.332      67.5586       0.873046            2.54653
-130.632      67.4572       0.776612            2.54653
-129.932      67.3841       0.777183            2.54653
-129.232      67.4077       0.815911            2.54653
-128.532      67.4938       0.772055            2.54653
-127.832      67.5325       0.692149            2.54653
-127.132      67.5596       0.589078            2.54653
-126.432      67.522       0.493169            2.54653
-125.732      67.4744       0.467133            2.54653
-125.032      67.5174       0.459361            2.54653
-124.332      67.5593       0.336952            2.54653
-123.632      67.5042       0.216864            2.54653
-122.932      67.4249       0.148258            2.54653
-122.232      67.3516       0.109887            2.54653
-121.532      67.2873       0.0870126            2.54653
-120.832      67.2304       0.0728976            2.54653
-120.132      67.1786       0.0646553            2.54653
-119.432      67.1302       0.061486            2.54653
-118.732      67.0837       0.0644386            2.54653
-118.032      67.0393       0.0774595            2.54653
-117.332      67.0046       0.108629            2.54653
-116.632      67.0104       0.152146            2.54653
-115.932      67.0533       0.141418            2.54653
-115.232      67.0507       0.0910718            2.54653
-114.532      67.0188       0.0580299            2.54653
-113.832      66.9833       0.0405976            2.54653
-113.132      66.95       0.0309292            2.54653
-112.432      66.9189       0.0251531            2.54653
-111.732      66.8895       0.0215373            2.54653
-111.032      66.8612       0.019274            2.54653
-110.332      66.8337       0.0179754            2.54653
-109.632      66.8065       0.0174667            2.54653
-108.932      66.7792       0.0177033            2.54653
-108.232      66.7514       0.0187425            2.54653
-107.532      66.7227       0.0207522            2.54653
-106.832      66.6925       0.0240546            2.54653
-106.132      66.6602       0.0292261            2.54653
-105.432      66.6249       0.0373018            2.54653
-104.732      66.5853       0.0502688            2.54653
-104.032      66.5403       0.0722534            2.54653
-103.332      66.4904       0.11182            2.54653
-102.632      66.4466       0.182641            2.54653
-101.932      66.4387       0.291102            2.54653
-101.232      66.53       0.402908            2.54653
-100.532      66.6623       0.366921            2.54653
-99.832      66.659       0.290638            2.54653
-99.132      66.6122       0.310042            2.54653
-98.432      66.654       0.40123            2.54653
-97.732      66.8082       0.382474            2.54653
-97.032      66.8562       0.244371            2.54653
-96.332      66.8119       0.151988            2.54653
-95.632      66.7545       0.111677            2.54653
-94.932      66.7043       0.103273            2.54653
-94.232      66.6761       0.121414            2.54653
-93.532      66.694       0.129661            2.54653
-92.832      66.7036       0.0886042            2.54653
-92.132      66.6782       0.0503311            2.54653
-91.432      66.6451       0.0287604            2.54653
-90.732      66.6138       0.0165162            2.54653
-90.032      66.5853       0.0089045            2.54653
-89.332      66.5591       0.00375257            2.54653
-88.632      66.5347       2.20393e-05            2.54653
-87.932      66.5117       -0.00282453            2.54653
-87.232      66.4897       -0.0050878            2.54653
-86.532      66.4686       -0.00694757            2.54653
-85.832      66.4481       -0.00851757            2.54653
-85.132      66.428       -0.00987308            2.54653
-84.432      66.4084       -0.0110659            2.54653
-84.312      66.4051       -0.0112569            2.54653
-84.192      66.4017       -0.0114444            2.54653
-84.072      66.3984       -0.0116285            2.54653
-83.952      66.3951       -0.0118094            2.54653
-83.832      66.3918       -0.0119871            2.54653
-83.712      66.3885       -0.0121619            2.54653
-83.592      66.3852       -0.0123338            2.54653
-83.472      66.382       -0.0125029            2.54653
-83.352      66.3787       -0.0126694            2.54653
-83.232      66.3754       -0.0128333            2.54653
-83.112      66.3722       -0.0129948            2.54653
-82.992      66.3689       -0.0131539            2.54653
-82.872      66.3657       -0.0133107            2.54653
-82.752      66.3624       -0.0134654            2.54653
-82.632      66.3592       -0.0136179            2.54653
-82.512      66.356       -0.0137684            2.54653
-82.392      66.3527       -0.013917            2.54653
-82.272      66.3495       -0.0140636            2.54653
-82.152      66.3463       -0.0142085            2.54653
-82.032      66.3431       -0.0143516            2.54653
-81.912      66.3399       -0.014493            2.54653
-81.792      66.3367       -0.0146327            2.54653
-81.672      66.3335       -0.0147709            2.54653
-81.552      66.3303       -0.0149075            2.54653
-81.432      66.3271       -0.0150427            2.54653
-81.312      66.3239       -0.0151765            2.54653
-81.192      66.3207       -0.0153089            2.54653
-81.072      66.3175       -0.01544            2.54653
-80.952      66.3143       -0.0155698            2.54653
-80.832      66.3111       -0.0156984            2.54653
-80.712      66.3079       -0.0158257            2.54653
-80.592      66.3047       -0.015952            2.54653
-80.472      66.3016       -0.0160771            2.54653
-80.352      66.2984       -0.0162011            2.54653
-80.232      66.2952       -0.0163241            2.54653
-80.112      66.292       -0.0164461            2.54653
-79.992      66.2888       -0.0165671            2.54653
-79.872      66.2857       -0.0166872            2.54653
-79.752      66.2825       -0.0168064            2.54653
-79.632      66.2793       -0.0169247            2.54653
-79.512      66.2761       -0.0170421            2.54653
-79.392      66.273       -0.0171588            2.54653
-79.272      66.2698       -0.0172746            2.54653
-79.152      66.2666       -0.0173897            2.54653
-79.032      66.2635       -0.017504            2.54653
-78.912      66.2603       -0.0176177            2.54653
-78.792      66.2571       -0.0177306            2.54653
-78.672      66.2539       -0.0178429            2.54653
-78.552      66.2508       -0.0179545            2.54653
-78.432      66.2476       -0.0180655            2.54653
-78.312      66.2444       -0.0181759            2.54653
-78.192      66.2412       -0.0182858            2.54653
-78.072      66.2381       -0.018395            2.54653
-77.952      66.2349       -0.0185038            2.54653
-77.832      66.2317       -0.018612            2.54653
-77.712      66.2285       -0.0187197            2.54653
-77.592      66.2254       -0.0188269            2.54653
-77.472      66.2222       -0.0189337            2.54653
-77.352      66.219       -0.01904            2.54653
-77.232      66.2158       -0.0191459            2.54653
-77.112      66.2126       -0.0192513            2.54653
-76.992      66.2094       -0.0193564            2.54653
-76.872      66.2063       -0.0194611            2.54653
-76.752      66.2031       -0.0195654            2.54653
-76.632      66.1999       -0.0196693            2.54653
-76.512      66.1967       -0.019773            2.54653
-76.392      66.1935       -0.0198762            2.54653
-76.272      66.1903       -0.0199792            2.54653
-76.152      66.1871       -0.0200819            2.54653
-76.032      66.1839       -0.0201842            2.54653
-75.912      66.1807       -0.0202863            2.54653
-75.792      66.1775       -0.0203882            2.54653
-75.672      66.1743       -0.0204898            2.54653
-75.552      66.1711       -0.0205911            2.54653
-75.432      66.1678       -0.0206922            2.54653
-75.312      66.1646       -0.0207931            2.54653
-75.192      66.1614       -0.0208938            2.54653
-75.072      66.1582       -0.0209943            2.54653
-74.952      66.155       -0.0210946            2.54653
-74.832      66.1517       -0.0211947            2.54653
-74.712      66.1485       -0.0212947            2.54653
-74.592      66.1453       -0.0213945            2.54653
-74.472      66.142       -0.0214942            2.54653
-74.352      66.1388       -0.0215937            2.54653
-74.232      66.1355       -0.0216931            2.54653
-74.112      66.1323       -0.0217924            2.54653
-73.992      66.129       -0.0218916            2.54653
-73.872      66.1258       -0.0219906            2.54653
-73.752      66.1225       -0.0220896            2.54653
-73.632      66.1193       -0.0221885            2.54653
-73.512      66.116       -0.0222873            2.54653
-73.392      66.1127       -0.0223861            2.54653
-73.272      66.1095       -0.0224848            2.54653
-73.152      66.1062       -0.0225834            2.54653
-73.032      66.1029       -0.022682            2.54653
-72.912      66.0996       -0.0227806            2.54653
-72.792      66.0963       -0.0228791            2.54653
-72.672      66.093       -0.0229776            2.54653
-72.552      66.0897       -0.0230761            2.54653
-72.432      66.0864       -0.0231746            2.54653
-72.312      66.0831       -0.0232731            2.54653
-72.192      66.0798       -0.0233716            2.54653
-72.072      66.0765       -0.0234701            2.54653
-71.952      66.0732       -0.0235687            2.54653
-71.832      66.0699       -0.0236672            2.54653
-71.712      66.0665       -0.0237658            2.54653
-71.592      66.0632       -0.0238644            2.54653
-71.472      66.0599       -0.0239631            2.54653
-71.352      66.0565       -0.0240619            2.54653
-71.232      66.0532       -0.0241607            2.54653
-71.112      66.0498       -0.0242595            2.54653
-70.992      66.0464       -0.0243585            2.54653
-70.872      66.0431       -0.0244575            2.54653
-70.752      66.0397       -0.0245566            2.54653
-70.632      66.0363       -0.0246557            2.54653
-70.512      66.033       -0.024755            2.54653
-70.392      66.0296       -0.0248544            2.54653
-70.272      66.0262       -0.0249539            2.54653
-70.152      66.0228       -0.0250535            2.54653
-70.032      66.0194       -0.0251532            2.54653
-69.912      66.016       -0.025253            2.54653
-69.792      66.0126       -0.025353            2.54653
-69.672      66.0092       -0.0254531            2.54653
-69.552      66.0057       -0.0255533            2.54653
-69.432      66.0023       -0.0256537            2.54653
-69.312      65.9989       -0.0257543            2.54653
-69.192      65.9954       -0.025855            2.54653
-69.072      65.992       -0.0259558            2.54653
-68.952      65.9885       -0.0260568            2.54653
-68.832      65.9851       -0.026158            2.54653
-68.712      65.9816       -0.0262594            2.54653
-68.592      65.9782       -0.0263609            2.54653
-68.472      65.9747       -0.0264627            2.54653
-68.352      65.9712       -0.0265646            2.54653
-68.232      65.9677       -0.0266667            2.54653
-68.112      65.9642       -0.0267691            2.54653
-67.992      65.9607       -0.0268716            2.54653
-67.872      65.9572       -0.0269744            2.54653
-67.752      65.9537       -0.0270773            2.54653
-67.632      65.9502       -0.0271805            2.54653
-67.512      65.9467       -0.0272839            2.54653
-67.392      65.9431       -0.0273876            2.54653
-67.272      65.9396       -0.0274915            2.54653
-67.152      65.936       -0.0275956            2.54653
-67.032      65.9325       -0.0277            2.54653
-66.912      65.9289       -0.0278046            2.54653
-66.792      65.9254       -0.0279095            2.54653
-66.672      65.9218       -0.0280146            2.54653
-66.552      65.9182       -0.02812            2.54653
-66.432      65.9146       -0.0282257            2.54653
-66.312      65.911       -0.0283316            2.54653
-66.192      65.9074       -0.0284378            2.54653
-66.072      65.9038       -0.0285444            2.54653
-65.952      65.9002       -0.0286512            2.54653
-65.832      65.8966       -0.0287583            2.54653
-65.712      65.8929       -0.0288657            2.54653
-65.592      65.8893       -0.0289734            2.54653
-65.472      65.8856       -0.0290814            2.54653
-65.352      65.882       -0.0291897            2.54653
-65.232      65.8783       -0.0292983            2.54653
-65.112      65.8747       -0.0294073            2.54653
-64.992      65.871       -0.0295166            2.54653
-64.872      65.8673       -0.0296262            2.54653
-64.752      65.8636       -0.0297362            2.54653
-64.632      65.8599       -0.0298465            2.54653
-64.512      65.8562       -0.0299571            2.54653
-64.392      65.8525       -0.0300681            2.54653
-64.272      65.8488       -0.0301795            2.54653
-64.152      65.845       -0.0302912            2.54653
-64.032      65.8413       -0.0304033            2.54653
-63.912      65.8375       -0.0305157            2.54653
-63.792      65.8338       -0.0306285            2.54653
-63.672      65.83       -0.0307417            2.54653
-63.552      65.8262       -0.0308553            2.54653
-63.432      65.8224       -0.0309693            2.54653
-63.312      65.8186       -0.0310837            2.54653
-63.192      65.8148       -0.0311985            2.54653
-63.072      65.811       -0.0313137            2.54653
-62.952      65.8072       -0.0314293            2.54653
-62.832      65.8034       -0.0315453            2.54653
-62.712      65.7996       -0.0316617            2.54653
-62.592      65.7957       -0.0317786            2.54653
-62.472      65.7919       -0.0318959            2.54653
-62.352      65.788       -0.0320136            2.54653
-62.232      65.7841       -0.0321318            2.54653
-62.112      65.7802       -0.0322504            2.54653
-61.992      65.7763       -0.0323694            2.54653
-61.872      65.7724       -0.0324889            2.54653
-61.752      65.7685       -0.0326089            2.54653
-61.632      65.7646       -0.0327294            2.54653
-61.512      65.7607       -0.0328503            2.54653
-61.392      65.7568       -0.0329717            2.54653
-61.272      65.7528       -0.0330936            2.54653
-61.152      65.7488       -0.0332159            2.54653
-61.032      65.7449       -0.0333388            2.54653
-60.912      65.7409       -0.0334621            2.54653
-60.792      65.7369       -0.033586            2.54653
-60.672      65.7329       -0.0337104            2.54653
-60.552      65.7289       -0.0338353            2.54653
-60.432      65.7249       -0.0339607            2.54653
-60.312      65.7209       -0.0340866            2.54653
-60.192      65.7168       -0.0342131            2.54653
-60.072      65.7128       -0.0343401            2.54653
-59.952      65.7087       -0.0344676            2.54653
-59.832      65.7047       -0.0345957            2.54653
-59.712      65.7006       -0.0347244            2.54653
-59.592      65.6965       -0.0348536            2.54653
-59.472      65.6924       -0.0349834            2.54653
-59.352      65.6883       -0.0351138            2.54653
-59.232      65.6841       -0.0352447            2.54653
-59.112      65.68       -0.0353762            2.54653
-58.992      65.6759       -0.0355083            2.54653
-58.872      65.6717       -0.035641            2.54653
-58.752      65.6675       -0.0357744            2.54653
-58.632      65.6634       -0.0359083            2.54653
-58.512      65.6592       -0.0360428            2.54653
-58.392      65.655       -0.036178            2.54653
-58.272      65.6508       -0.0363138            2.54653
-58.152      65.6465       -0.0364502            2.54653
-58.032      65.6423       -0.0365873            2.54653
-57.912      65.6381       -0.036725            2.54653
-57.792      65.6338       -0.0368634            2.54653
-57.672      65.6295       -0.0370024            2.54653
-57.552      65.6253       -0.0371421            2.54653
-57.432      65.621       -0.0372825            2.54653
-57.312      65.6167       -0.0374236            2.54653
-57.192      65.6123       -0.0375653            2.54653
-57.072      65.608       -0.0377078            2.54653
-56.952      65.6037       -0.037851            2.54653
-56.832      65.5993       -0.0379948            2.54653
-56.712      65.5949       -0.0381394            2.54653
-56.592      65.5906       -0.0382847            2.54653
-56.472      65.5862       -0.0384308            2.54653
-56.352      65.5818       -0.0385776            2.54653
-56.232      65.5773       -0.0387251            2.54653
-56.112      65.5729       -0.0388734            2.54653
-55.992      65.5685       -0.0390225            2.54653
-55.872      65.564       -0.0391723            2.54653
-55.752      65.5595       -0.0393229            2.54653
-55.632      65.5551       -0.0394743            2.54653
-55.512      65.5506       -0.0396265            2.54653
-55.392      65.5461       -0.0397795            2.54653
-55.272      65.5415       -0.0399333            2.54653
-55.152      65.537       -0.0400879            2.54653
-55.032      65.5324       -0.0402434            2.54653
-54.912      65.5279       -0.0403997            2.54653
-54.792      65.5233       -0.0405568            2.54653
-54.672      65.5187       -0.0407148            2.54653
-54.552      65.5141       -0.0408737            2.54653
-54.432      65.5095       -0.0410334            2.54653
-54.312      65.5048       -0.041194            2.54653
-54.312       0       0


-49.7967       0       0
-49.7967      65.319       -0.047976            2.54653
-49.6767      65.3138       -0.0481788            2.54653
-49.5567      65.3085       -0.048383            2.54653
-49.4367      65.3032       -0.0485885            2.54653
-49.3167      65.2979       -0.0487954            2.54653
-49.1967      65.2925       -0.0490038            2.54653
-49.0767      65.2871       -0.0492135            2.54653
-48.9567      65.2818       -0.0494246            2.54653
-48.8367      65.2764       -0.0496372            2.54653
-48.7167      65.2709       -0.0498513            2.54653
-48.5967      65.2655       -0.0500668            2.54653
-48.4767      65.26       -0.0502838            2.54653
-48.3567      65.2545       -0.0505023            2.54653
-48.2367      65.249       -0.0507224            2.54653
-48.1167      65.2435       -0.0509439            2.54653
-47.9967      65.2379       -0.0511671            2.54653
-47.8767      65.2324       -0.0513918            2.54653
-47.7567      65.2268       -0.0516182            2.54653
-47.6367      65.2212       -0.0518461            2.54653
-47.5167      65.2155       -0.0520757            2.54653
-47.3967      65.2099       -0.052307            2.54653
-47.2767      65.2042       -0.0525399            2.54653
-47.1567      65.1985       -0.0527746            2.54653
-47.0367      65.1928       -0.0530109            2.54653
-46.9167      65.187       -0.053249            2.54653
-46.7967      65.1813       -0.0534889            2.54653
-46.6767      65.1755       -0.0537305            2.54653
-46.5567      65.1697       -0.053974            2.54653
-46.4367      65.1638       -0.0542192            2.54653
-46.3167      65.158       -0.0544664            2.54653
-46.1967      65.1521       -0.0547154            2.54653
-46.0767      65.1462       -0.0549663            2.54653
-45.9567      65.1403       -0.0552191            2.54653
-45.8367      65.1343       -0.0554739            2.54653
-45.7167      65.1283       -0.0557307            2.54653
-45.5967      65.1223       -0.0559894            2.54653
-45.4767      65.1163       -0.0562502            2.54653
-45.3567      65.1102       -0.0565131            2.54653
-45.2367      65.1042       -0.056778            2.54653
-45.1167      65.0981       -0.057045            2.54653
-44.9967      65.0919       -0.0573142            2.54653
-44.8767      65.0858       -0.0575855            2.54653
-44.7567      65.0796       -0.057859            2.54653
-44.6367      65.0734       -0.0581347            2.54653
-44.5167      65.0672       -0.0584127            2.54653
-44.3967      65.0609       -0.058693            2.54653
-44.2767      65.0546       -0.0589756            2.54653
-44.1567      65.0483       -0.0592605            2.54653
-44.0367      65.042       -0.0595478            2.54653
-43.9167      65.0356       -0.0598375            2.54653
-43.7967      65.0292       -0.0601297            2.54653
-43.6767      65.0228       -0.0604243            2.54653
-43.5567      65.0163       -0.0607215            2.54653
-43.4367      65.0098       -0.0610212            2.54653
-43.3167      65.0033       -0.0613235            2.54653
-43.1967      64.9968       -0.0616284            2.54653
-43.0767      64.9902       -0.061936            2.54653
-42.9567      64.9836       -0.0622463            2.54653
-42.8367      64.977       -0.0625594            2.54653
-42.7167      64.9703       -0.0628752            2.54653
-42.5967      64.9636       -0.0631939            2.54653
-42.4767      64.9569       -0.0635154            2.54653
-42.3567      64.9502       -0.0638398            2.54653
-42.2367      64.9434       -0.0641672            2.54653
-42.1167      64.9366       -0.0644976            2.54653
-41.9967      64.9297       -0.0648311            2.54653
-41.8767      64.9228       -0.0651676            2.54653
-41.7567      64.9159       -0.0655073            2.54653
-41.6367      64.909       -0.0658502            2.54653
-41.5167      64.902       -0.0661964            2.54653
-41.3967      64.895       -0.0665458            2.54653
-41.2767      64.888       -0.0668986            2.54653
-41.1567      64.8809       -0.0672548            2.54653
-41.0367      64.8738       -0.0676145            2.54653
-40.9167      64.8666       -0.0679777            2.54653
-40.7967      64.8594       -0.0683445            2.54653
-40.6767      64.8522       -0.0687149            2.54653
-40.5567      64.845       -0.0690891            2.54653
-40.4367      64.8377       -0.069467            2.54653
-40.3167      64.8303       -0.0698488            2.54653
-40.1967      64.823       -0.0702344            2.54653
-40.0767      64.8156       -0.0706241            2.54653
-39.9567      64.8081       -0.0710178            2.54653
-39.8367      64.8006       -0.0714156            2.54653
-39.7167      64.7931       -0.0718176            2.54653
-39.5967      64.7856       -0.0722239            2.54653
-39.4767      64.778       -0.0726345            2.54653
-39.3567      64.7703       -0.0730496            2.54653
-39.2367      64.7626       -0.0734692            2.54653
-39.1167      64.7549       -0.0738935            2.54653
-38.9967      64.7472       -0.0743224            2.54653
-38.8767      64.7394       -0.0747561            2.54653
-38.7567      64.7315       -0.0751948            2.54653
-38.6367      64.7236       -0.0756384            2.54653
-38.5167      64.7157       -0.0760871            2.54653
-38.3967      64.7077       -0.076541            2.54653
-38.2767      64.6997       -0.0770002            2.54653
-38.1567      64.6916       -0.0774649            2.54653
-38.0367      64.6835       -0.0779351            2.54653
-37.9167      64.6754       -0.078411            2.54653
-37.7967      64.6672       -0.0788926            2.54653
-37.6767      64.6589       -0.0793802            2.54653
-37.5567      64.6506       -0.0798739            2.54653
-37.4367      64.6423       -0.0803737            2.54653
-37.3167      64.6339       -0.0808799            2.54653
-37.1967      64.6254       -0.0813926            2.54653
-37.0767      64.6169       -0.081912            2.54653
-36.9567      64.6084       -0.0824381            2.54653
-36.8367      64.5998       -0.0829713            2.54653
-36.7167      64.5912       -0.0835117            2.54653
-36.5967      64.5824       -0.0840594            2.54653
-36.4767      64.5737       -0.0846146            2.54653
-36.3567      64.5649       -0.0851776            2.54653
-36.2367      64.556       -0.0857486            2.54653
-36.1167      64.5471       -0.0863278            2.54653
-35.9967      64.5381       -0.0869154            2.54653
-35.8767      64.5291       -0.0875117            2.54653
-35.7567      64.52       -0.0881169            2.54653
-35.6367      64.5108       -0.0887313            2.54653
-35.5167      64.5016       -0.0893552            2.54653
-35.3967      64.4924       -0.0899889            2.54653
-35.2767      64.483       -0.0906327            2.54653
-35.1567      64.4736       -0.0912869            2.54653
-35.0367      64.4642       -0.0919519            2.54653
-34.9167      64.4546       -0.092628            2.54653
-34.7967      64.445       -0.0933156            2.54653
-34.6767      64.4354       -0.0940152            2.54653
-34.5567      64.4256       -0.0947273            2.54653
-34.4367      64.4158       -0.0954521            2.54653
-34.3167      64.406       -0.0961904            2.54653
-34.1967      64.396       -0.0969425            2.54653
-34.0767      64.386       -0.0977091            2.54653
-33.9567      64.3759       -0.0984908            2.54653
-33.8367      64.3658       -0.0992881            2.54653
-33.7167      64.3555       -0.100102            2.54653
-33.5967      64.3452       -0.100933            2.54653
-33.4767      64.3348       -0.101782            2.54653
-33.3567      64.3243       -0.10265            2.54653
-33.2367      64.3138       -0.103537            2.54653
-33.1167      64.3031       -0.104445            2.54653
-32.9967      64.2924       -0.105376            2.54653
-32.8767      64.2815       -0.106329            2.54653
-32.7567      64.2706       -0.107307            2.54653
-32.6367      64.2596       -0.10831            2.54653
-32.5167      64.2485       -0.109341            2.54653
-32.3967      64.2373       -0.110401            2.54653
-32.2767      64.226       -0.111492            2.54653
-32.1567      64.2146       -0.112616            2.54653
-32.0367      64.2031       -0.113775            2.54653
-31.9167      64.1915       -0.114972            2.54653
-31.7967      64.1797       -0.11621            2.54653
-31.6767      64.1679       -0.117491            2.54653
-31.5567      64.156       -0.118819            2.54653
-31.4367      64.1439       -0.120199            2.54653
-31.3167      64.1317       -0.121633            2.54653
-31.1967      64.1194       -0.123129            2.54653
-31.0767      64.1069       -0.12469            2.54653
-30.9567      64.0944       -0.126323            2.54653
-30.8367      64.0816       -0.128035            2.54653
-30.7167      64.0688       -0.129834            2.54653
-30.5967      64.0558       -0.131729            2.54653
-30.4767      64.0427       -0.133731            2.54653
-30.3567      64.0294       -0.135851            2.54653
-30.2367      64.016       -0.138103            2.54653
-30.1167      64.0024       -0.140501            2.54653
-29.9967      63.9887       -0.143064            2.54653
-29.8767      63.9749       -0.145811            2.54653
-29.7567      63.9609       -0.148762            2.54653
-29.6367      63.9468       -0.151942            2.54653
-29.5167      63.9326       -0.155375            2.54653
-29.3967      63.9183       -0.15909            2.54653
-29.2767      63.904       -0.163111            2.54653
-29.1567      63.8896       -0.167464            2.54653
-29.0367      63.8753       -0.172169            2.54653
-28.9167      63.8611       -0.177237            2.54653
-28.7967      63.8471       -0.182672            2.54653
-28.6767      63.8332       -0.188463            2.54653
-28.5567      63.8198       -0.194581            2.54653
-28.4367      63.8067       -0.200983            2.54653
-28.3167      63.7941       -0.207599            2.54653
-28.1967      63.7821       -0.214329            2.54653
-28.0767      63.7709       -0.22103            2.54653
-27.9567      63.7603       -0.227501            2.54653
-27.8367      63.7505       -0.233484            2.54653
-27.7167      63.7414       -0.238693            2.54653
-27.5967      63.7327       -0.242854            2.54653
-27.4767      63.7241       -0.24578            2.54653
-27.3567      63.7152       -0.24742            2.54653
-27.2367      63.7055       -0.247891            2.54653
-27.1167      63.6948       -0.247446            2.54653
-26.9967      63.6828       -0.246421            2.54653
-26.8767      63.6695       -0.245168            2.54653
-26.7567      63.6549       -0.244003            2.54653
-26.6367      63.6391       -0.243177            2.54653
-26.5167      63.6222       -0.242874            2.54653
-26.3967      63.6044       -0.243221            2.54653
-26.2767      63.5858       -0.244303            2.54653
-26.1567      63.5666       -0.24618            2.54653
-26.0367      63.5468       -0.248898            2.54653
-25.9167      63.5265       -0.252502            2.54653
-25.7967      63.5057       -0.25704            2.54653
-25.6767      63.4847       -0.262567            2.54653
-25.5567      63.4633       -0.26915            2.54653
-25.4367      63.4417       -0.276872            2.54653
-25.3167      63.42       -0.285828            2.54653
-25.1967      63.3983       -0.296129            2.54653
-25.0767      63.3768       -0.307903            2.54653
-24.9567      63.3556       -0.321284            2.54653
-24.8367      63.335       -0.336409            2.54653
-24.7167      63.3153       -0.353398            2.54653
-24.5967      63.297       -0.372336            2.54653
-24.4767      63.2805       -0.39323            2.54653
-24.3567      63.2665       -0.415959            2.54653
-24.2367      63.2558       -0.44021            2.54653
-24.1167      63.249       -0.465401            2.54653
-23.9967      63.2469       -0.490615            2.54653
-23.8767      63.2499       -0.51458            2.54653
-23.7567      63.258       -0.535726            2.54653
-23.6367      63.2706       -0.552367            2.54653
-23.5167      63.2866       -0.562996            2.54653
-23.3967      63.304       -0.566619            2.54653
-23.2767      63.3206       -0.563015            2.54653
-23.1567      63.3345       -0.552799            2.54653
-23.0367      63.3441       -0.53725            2.54653
-22.9167      63.3484       -0.518004            2.54653
-22.7967      63.3471       -0.49672            2.54653
-22.6767      63.3405       -0.474833            2.54653
-22.5567      63.3292       -0.453441            2.54653
-22.4367      63.3139       -0.433284            2.54653
-22.3167      63.2954       -0.414796            2.54653
-22.1967      63.2744       -0.39818            2.54653
-22.0767      63.2513       -0.383476            2.54653
-21.9567      63.2268       -0.370622            2.54653
-21.8367      63.2011       -0.359502            2.54653
-21.7167      63.1745       -0.34997            2.54653
-21.5967      63.1474       -0.341873            2.54653
-21.4767      63.1197       -0.335061            2.54653
-21.3567      63.0917       -0.329394            2.54653
-21.2367      63.0633       -0.324746            2.54653
-21.1167      63.0348       -0.321003            2.54653
-20.9967      63.006       -0.318064            2.54653
-20.8767      62.977       -0.315842            2.54653
-20.7567      62.9479       -0.314259            2.54653
-20.6367      62.9186       -0.31325            2.54653
-20.5167      62.8891       -0.312757            2.54653
-20.3967      62.8594       -0.312731            2.54653
-20.2767      62.8296       -0.313131            2.54653
-20.1567      62.7995       -0.313923            2.54653
-20.0367      62.7692       -0.315079            2.54653
-19.9167      62.7387       -0.316574            2.54653
-19.7967      62.7079       -0.318389            2.54653
-19.6767      62.6768       -0.320507            2.54653
-19.5567      62.6454       -0.322913            2.54653
-19.4367      62.6137       -0.325597            2.54653
-19.3167      62.5817       -0.328546            2.54653
-19.1967      62.5494       -0.331754            2.54653
-19.0767      62.5167       -0.335214            2.54653
-18.3767      62.3176       -0.360218            2.54653
-17.6767      62.1018       -0.393514            2.54653
-16.9767      61.8648       -0.436062            2.54653
-16.2767      61.6013       -0.489893            2.54653
-15.5767      61.3049       -0.558304            2.54653
-14.8767      60.9668       -0.646396            2.54653
-14.1767      60.5758       -0.7621            2.54653
-13.4767      60.1162       -0.918088            2.54653
-12.7767      59.566       -1.13545            2.54653
-12.0767      58.8943       -1.45114            2.54653
-11.3767      58.0575       -1.93413            2.54653
-10.6767      57.0004       -2.7227            2.54653
-9.97675      55.6867       -4.1152            2.54653
-9.27675      54.3002       -6.77363            2.54653
-8.57675      54.2517       -11.7948            2.54653
-7.87675      59.871       -17.3445            2.54653
-7.17675      68.1031       -14.8305            2.54653
-6.47675      69.7722       -9.12028            2.54653
-5.77675      68.3494       -5.94487            2.54653
-5.07675      66.4931       -4.71678            2.54653
-4.37675      64.7248       -4.78346            2.54653
-3.67675      63.3624       -6.2336            2.54653
-2.97675      63.913       -9.23521            2.54653
-2.27675      68.1929       -10.3727            2.54653
-1.57675      70.8867       -7.11846            2.54653
-0.876747      70.4989       -4.29251            2.54653
-0.176747      69.4204       -2.80639            2.54653
0.523253      68.3956       -2.04197            2.54653
1.22325      67.5085       -1.63826            2.54653
1.92325      66.7251       -1.44146            2.54653
2.62325      66.0014       -1.3991            2.54653
3.32325      65.306       -1.52666            2.54653
4.02325      64.665       -1.92063            2.54653
4.72325      64.3572       -2.71204            2.54653
5.42325      64.9475       -3.35075            2.54653
6.12325      65.5004       -2.92529            2.54653
6.82325      65.2869       -2.42451            2.54653
7.52325      64.8407       -2.33152            2.54653
8.22325      64.5519       -2.44816            2.54653
8.92325      64.2389       -2.58809            2.54653
9.62325      63.9923       -2.95198            2.54653
10.3233      63.894       -3.45049            2.54653
11.0233      64.1836       -4.22529            2.54653
11.7233      65.4139       -4.51804            2.54653
12.4233      66.2446       -3.54491            2.54653
13.1233      66.1577       -2.59592            2.54653
13.8233      65.7368       -1.98743            2.54653
14.5233      65.2429       -1.68704            2.54653
15.2233      64.8166       -1.56368            2.54653
15.9233      64.4747       -1.50392            2.54653
16.6233      64.124       -1.45081            2.54653
17.3233      63.804       -1.5353            2.54653
18.0233      63.7036       -1.57776            2.54653
18.7233      63.5626       -1.36395            2.54653
19.4233      63.1807       -1.12117            2.54653
20.1233      62.6865       -1.00081            2.54653
20.8233      62.1649       -0.969472            2.54653
21.5233      61.6236       -0.992122            2.54653
22.2233      61.0509       -1.0554            2.54653
22.9233      60.4309       -1.15772            2.54653
23.6233      59.7443       -1.30517            2.54653
24.3233      58.9666       -1.5117            2.54653
25.0233      58.0657       -1.80241            2.54653
25.7233      56.9975       -2.22152            2.54653
26.4233      55.7006       -2.84971            2.54653
27.1233      54.0924       -3.84345            2.54653
27.8233      52.0864       -5.5289            2.54653
28.5233      49.7338       -8.62589            2.54653
29.2233      48.0252       -14.5903            2.54653
29.9233      51.6013       -23.8462            2.54653
30.6233      63.5455       -26.4038            2.54653
31.3233      69.1371       -19.5697            2.54653
32.0233      68.0264       -16.1864            2.54653
32.7233      68.1798       -17.3287            2.54653
33.4233      72.3733       -17.7083            2.54653
34.1233      76.3281       -13.3732            2.54653
34.8233      75.957       -8.35726            2.54653
35.5233      73.9788       -5.47799            2.54653
36.2233      72.0083       -3.97967            2.54653
36.9233      70.2878       -3.1876            2.54653
37.6233      68.7673       -2.79893            2.54653
38.3233      67.3668       -2.70811            2.54653
39.0233      66.0391       -2.93954            2.54653
39.7233      64.8855       -3.6386            2.54653
40.4233      64.4365       -4.75694            2.54653
41.1233      64.7743       -5.21164            2.54653
41.8233      64.6013       -5.02342            2.54653
42.5233      63.9348       -5.12971            2.54653
43.2233      63.4028       -5.74312            2.54653
43.9233      63.3081       -6.27815            2.54653
44.6233      63.0629       -6.78291            2.54653
45.3233      63.3243       -7.35053            2.54653
46.0233      63.4574       -7.13781            2.54653
46.7233      62.7229       -6.98244            2.54653
47.4233      61.5786       -7.58931            2.54653
48.1233      60.6944       -9.28308            2.54653
48.8233      61.299       -11.6064            2.54653
49.5233      63.386       -12.4743            2.54653
50.2233      64.4129       -11.3932            2.54653
50.9233      63.2187       -10.7917            2.54653
51.6233      61.5975       -12.4937            2.54653
52.3233      61.6925       -15.8637            2.54653
53.0233      64.2434       -19.3012            2.54653
53.7233      69.5654       -21.0514            2.54653
54.4233      75.126       -17.7346            2.54653
55.1233      75.9035       -12.6552            2.54653
55.8233      74.1609       -9.57584            2.54653
56.5233      71.8104       -8.61512            2.54653
57.2233      70.2705       -9.11924            2.54653
57.9233      69.1391       -9.84935            2.54653
58.6233      68.4078       -12.0951            2.54653
59.3233      70.3539       -14.3844            2.54653
60.0233      72.5826       -15.1107            2.54653
60.7233      76.3736       -15.4798            2.54653
61.4233      80.0553       -11.9279            2.54653
62.1233      80.0498       -7.55022            2.54653
62.8233      78.4221       -4.91239            2.54653
63.5233      76.7116       -3.53263            2.54653
64.2233      75.2098       -2.80488            2.54653
64.9233      73.8938       -2.45056            2.54653
65.6233      72.7115       -2.3843            2.54653
66.3233      71.6893       -2.6477            2.54653
67.0233      71.1313       -3.22846            2.54653
67.7233      71.1729       -3.40166            2.54653
68.4233      70.8232       -3.11252            2.54653
69.1233      70.2293       -3.12457            2.54653
69.8233      69.7979       -3.27221            2.54653
70.5233      69.3494       -3.27718            2.54653
71.2233      68.5302       -3.45504            2.54653
71.9233      67.714       -4.37485            2.54653
72.6233      67.9494       -5.89294            2.54653
73.3233      69.3559       -6.25326            2.54653
74.0233      69.9104       -5.35317            2.54653
74.7233      69.3938       -4.71384            2.54653
75.4233      68.6736       -4.79502            2.54653
76.1233      68.1847       -5.29815            2.54653
76.8233      68.1151       -6.05876            2.54653
77.5233      68.474       -6.49926            2.54653
78.2233      68.6453       -6.90837            2.54653
78.9233      69.4615       -7.23627            2.54653
79.6233      69.9283       -6.63399            2.54653
80.3233      69.6733       -6.41541            2.54653
81.0233      69.74       -6.69136            2.54653
81.7233      70.2582       -6.42856            2.54653
82.4233      70.0354       -5.78383            2.54653
83.1233      69.3714       -5.73807            2.54653
83.8233      69.0948       -6.23674            2.54653
84.5233      69.2278       -6.36171            2.54653
85.2233      68.9687       -6.31766            2.54653
85.9233      68.4847       -6.48153            2.54653
86.6233      67.6677       -7.12539            2.54653
87.3233      67.0824       -8.73715            2.54653
88.0233      67.9193       -11.2573            2.54653
88.7233      70.4953       -12.4687            2.54653
89.4233      73.1505       -12.5997            2.54653
90.1233      75.7643       -10.6594            2.54653
90.8233      75.9522       -8.46251            2.54653
91.5233      76.0197       -7.47393            2.54653
92.2233      76.0724       -6.26464            2.54653
92.9233      75.9604       -5.43314            2.54653
93.6233      75.9685       -4.3624            2.54653
94.3233      75.4872       -3.16192            2.54653
95.0233      74.6007       -2.31955            2.54653
95.7233      73.668       -1.88248            2.54653
96.4233      72.8114       -1.71717            2.54653
97.1233      72.0843       -1.77345            2.54653
97.8233      71.6424       -1.92914            2.54653
98.5233      71.3281       -1.80816            2.54653
99.2233      70.7353       -1.61897            2.54653
99.9233      69.989       -1.6192            2.54653
100.623      69.1906       -1.83503            2.54653
101.323      68.4197       -2.32518            2.54653
102.023      67.8807       -3.08066            2.54653
102.723      67.6675       -3.81549            2.54653
103.423      67.5245       -4.44547            2.54653
104.123      67.39       -5.09384            2.54653
104.823      67.4071       -5.88291            2.54653
105.523      67.6771       -6.38768            2.54653
106.223      67.3834       -6.8627            2.54653
106.923      67.2002       -8.37088            2.54653
107.623      68.5504       -10.0431            2.54653
108.323      70.5094       -10.116            2.54653
109.023      71.247       -9.4693            2.54653
109.723      71.5391       -9.8586            2.54653
110.423      73.1802       -10.2105            2.54653
111.123      74.6577       -9.06037            2.54653
111.823      75.0706       -7.6709            2.54653
112.523      74.7463       -6.56456            2.54653
113.223      74.0782       -6.27696            2.54653
113.923      74.0748       -6.56765            2.54653
114.623      74.456       -6.34092            2.54653
115.323      74.4128       -6.13589            2.54653
116.023      74.8085       -6.11964            2.54653
116.723      74.9974       -5.64479            2.54653
117.423      75.1789       -5.61124            2.54653
118.123      75.7228       -5.07196            2.54653
118.823      75.759       -4.42652            2.54653
119.523      75.821       -3.87114            2.54653
120.223      75.6829       -3.0973            2.54653
120.923      75.0744       -2.55786            2.54653
121.623      74.4945       -2.57338            2.54653
122.323      74.4027       -2.7877            2.54653
123.023      74.5853       -2.66234            2.54653
123.723      74.6349       -2.26367            2.54653
124.423      74.3914       -1.80338            2.54653
125.123      73.9689       -1.58604            2.54653
125.823      73.624       -1.5906            2.54653
126.523      73.5219       -1.72686            2.54653
127.223      73.6784       -1.55181            2.54653
127.923      73.5223       -1.13204            2.54653
128.623      73.1613       -0.8663            2.54653
129.323      72.7797       -0.73738            2.54653
130.023      72.4125       -0.6886            2.54653
130.723      72.0597       -0.70124            2.54653
131.423      71.7365       -0.779116            2.54653
132.123      71.4897       -0.879222            2.54653
132.823      71.2301       -0.9135            2.54653
133.523      70.8674       -1.01232            2.54653
134.223      70.5061       -1.28395            2.54653
134.923      70.3251       -1.69039            2.54653
135.623      70.3224       -1.98582            2.54653
136.323      70.2695       -2.19772            2.54653
137.023      70.2049       -2.48735            2.54653
137.723      70.3196       -2.81539            2.54653
138.423      70.4829       -2.93671            2.54653
139.123      70.5913       -3.08244            2.54653
139.823      70.7939       -3.079            2.54653
140.523      70.7673       -2.88844            2.54653
141.223      70.4181       -2.88395            2.54653
141.923      70.1445       -3.30416            2.54653
142.623      70.2702       -3.71234            2.54653
143.323      70.2281       -3.89463            2.54653
144.023      70.1453       -4.54891            2.54653
144.723      70.7582       -5.20718            2.54653
145.423      71.4042       -5.29669            2.54653
146.123      71.822       -5.33918            2.54653
146.823      72.1509       -5.52601            2.54653
147.523      73.0372       -6.00707            2.54653
148.223      74.5172       -5.35881            2.54653
148.923      74.8517       -4.0002            2.54653
149.623      74.5025       -3.1876            2.54653
150.323      74.1619       -2.7918            2.54653
151.023      73.7709       -2.63408            2.54653
151.723      73.6515       -2.88803            2.54653
152.423      74.1681       -2.96415            2.54653
153.123      74.6007       -2.27764            2.54653
153.823      74.3993       -1.5566            2.54653
154.523      74.0052       -1.15444            2.54653
155.223      73.6463       -0.972461            2.54653
155.923      73.4097       -0.857782            2.54653
156.623      73.1804       -0.704917            2.54653
157.323      72.9213       -0.594034            2.54653
158.023      72.6723       -0.524089            2.54653
158.723      72.4316       -0.474465            2.54653
159.423      72.1889       -0.446815            2.54653
160.123      71.9455       -0.442591            2.54653
160.823      71.6975       -0.460534            2.54653
161.523      71.4376       -0.505127            2.54653
162.223      71.158       -0.590306            2.54653
162.923      70.8597       -0.745827            2.54653
163.623      70.5787       -1.00815            2.54653
164.323      70.3739       -1.37587            2.54653
165.023      70.3133       -1.82684            2.54653
165.723      70.4481       -2.22058            2.54653
166.423      70.596       -2.51623            2.54653
167.123      70.8436       -2.86997            2.54653
167.823      71.3915       -3.01601            2.54653
168.523      71.6621       -2.68456            2.54653
169.223      71.5686       -2.59168            2.54653
169.923      71.5215       -2.67078            2.54653
170.623      71.5279       -2.92334            2.54653
171.323      71.8476       -3.16792            2.54653
172.023      72.1179       -3.22397            2.54653
172.723      72.5524       -3.36546            2.54653
173.423      73.166       -3.13244            2.54653
174.123      73.4768       -2.5508            2.54653
174.823      73.3643       -2.0071            2.54653
175.523      73.0035       -1.80846            2.54653
176.223      72.8266       -2.06175            2.54653
176.923      73.2404       -2.25025            2.54653
177.623      73.6213       -1.89138            2.54653
178.323      73.7275       -1.45513            2.54653
179.023      73.6373       -1.04049            2.54653
179.723      73.4554       -0.753786            2.54653
180.423      73.2515       -0.552152            2.54653
181.123      73.0552       -0.421918            2.54653
181.823      72.8774       -0.333957            2.54653
182.523      72.7189       -0.275731            2.54653
183.223      72.5793       -0.236113            2.54653
183.923      72.4555       -0.207747            2.54653
184.623      72.3441       -0.186619            2.54653
185.323      72.2424       -0.170473            2.54653
186.023      72.1484       -0.157967            2.54653
186.723      72.0605       -0.148273            2.54653
187.423      71.9772       -0.140884            2.54653
188.123      71.8976       -0.135514            2.54653
188.823      71.8206       -0.132043            2.54653
189.523      71.7453       -0.130489            2.54653
190.223      71.6704       -0.131153            2.54653
190.923      71.5948       -0.134687            2.54653
191.623      71.5171       -0.142309            2.54653
192.323      71.4356       -0.156429            2.54653
193.023      71.3484       -0.182078            2.54653
193.723      71.2553       -0.230279            2.54653
194.423      71.1693       -0.32349            2.54653
195.123      71.1564       -0.474789            2.54653
195.823      71.2836       -0.545752            2.54653
196.523      71.339       -0.45226            2.54653
197.223      71.2645       -0.384213            2.54653
197.923      71.1587       -0.40342            2.54653
198.623      71.0921       -0.491504            2.54653
199.323      71.1119       -0.593651            2.54653
200.023      71.1746       -0.595371            2.54653
200.723      71.1271       -0.576005            2.54653
201.423      71.0821       -0.669621            2.54653
202.123      71.145       -0.777722            2.54653
202.823      71.301       -0.815306            2.54653
203.523      71.4179       -0.671615            2.54653
204.223      71.3574       -0.525779            2.54653
204.923      71.2228       -0.490761            2.54653
205.623      71.11       -0.58362            2.54653
206.323      71.1453       -0.754055            2.54653
207.023      71.3258       -0.794829            2.54653
207.723      71.4562       -0.66703            2.54653
208.423      71.4254       -0.505169            2.54653
209.123      71.3094       -0.440465            2.54653
209.823      71.2069       -0.483103            2.54653
210.523      71.1965       -0.564027            2.54653
211.223      71.2088       -0.614618            2.54653
211.923      71.2899       -0.705131            2.54653
212.623      71.4703       -0.643096            2.54653
213.323      71.4864       -0.469294            2.54653
214.023      71.3992       -0.39748            2.54653
214.723      71.3543       -0.431925            2.54653
215.423      71.4306       -0.446008            2.54653
216.123      71.4886       -0.333929            2.54653
216.823      71.4496       -0.222469            2.54653
217.523      71.3856       -0.158106            2.54653
218.223      71.3245       -0.120082            2.54653
218.923      71.2699       -0.0967298            2.54653
219.623      71.222       -0.0816191            2.54653
220.323      71.1797       -0.0711663            2.54653
221.023      71.1416       -0.0635203            2.54653
221.723      71.1071       -0.0576794            2.54653
222.423      71.0752       -0.0530633            2.54653
223.123      71.0456       -0.049315            2.54653
223.823      71.018       -0.0462035            2.54653
224.523      70.9919       -0.043573            2.54653
225.223      70.9671       -0.041315            2.54653
225.923      70.9436       -0.0393511            2.54653
226.623      70.9211       -0.0376238            2.54653
227.323      70.8995       -0.0360897            2.54653
228.023      70.8788       -0.0347155            2.54653
228.723      70.8588       -0.0334753            2.54653
229.423      70.8395       -0.0323484            2.54653
230.123      70.8208       -0.0313185            2.54653
230.823      70.8027       -0.0303722            2.54653
231.523      70.7851       -0.0294984            2.54653
232.223      70.768       -0.0286881            2.54653
232.923      70.7513       -0.0279337            2.54653
233.623      70.7351       -0.0272289            2.54653
234.323      70.7192       -0.0265681            2.54653
235.023      70.7038       -0.0259468            2.54653
235.723      70.6886       -0.0253611            2.54653
236.423      70.6739       -0.0248074            2.54653
237.123      70.6594       -0.0242829            2.54653
237.823      70.6452       -0.0237848            2.54653
238.523      70.6313       -0.0233109            2.54653
239.223      70.6177       -0.0228591            2.54653
239.923      70.6043       -0.0224278            2.54653
240.623      70.5912       -0.0220153            2.54653
241.323      70.5783       -0.0216202            2.54653
242.023      70.5657       -0.0212412            2.54653
242.723      70.5532       -0.0208771            2.54653
243.423      70.541       -0.0205271            2.54653
244.123      70.529       -0.02019            2.54653
244.823      70.5171       -0.0198652            2.54653
245.523      70.5055       -0.0195517            2.54653
246.223      70.494       -0.019249            2.54653
246.923      70.4827       -0.0189564            2.54653
247.623      70.4716       -0.0186733            2.54653
248.323      70.4606       -0.0183992            2.54653
249.023      70.4498       -0.0181335            2.54653
249.723      70.4391       -0.0178759            2.54653
250.423      70.4286       -0.0176259            2.54653
251.123      70.4183       -0.0173831            2.54653
251.823      70.408       -0.0171472            2.54653
252.523      70.3979       -0.0169179            2.54653
253.223      70.388       -0.0166947            2.54653
253.923      70.3782       -0.0164775            2.54653
254.623      70.3685       -0.016266            2.54653
255.323      70.3589       -0.0160598            2.54653
256.023      70.3494       -0.0158589            2.54653
256.723      70.3401       -0.0156629            2.54653
257.423      70.3308       -0.0154716            2.54653
258.123      70.3217       -0.015285            2.54653
258.823      70.3127       -0.0151027            2.54653
259.523      70.3038       -0.0149246            2.54653
260.223      70.295       -0.0147505            2.54653
260.923      70.2863       -0.0145803            2.54653
261.623      70.2777       -0.0144139            2.54653
262.323      70.2692       -0.0142511            2.54653
263.023      70.2607       -0.0140917            2.54653
263.723      70.2524       -0.0139358            2.54653
264.423      70.2442       -0.013783            2.54653
265.123      70.236       -0.0136334            2.54653
265.823      70.228       -0.0134868            2.54653
266.523      70.22       -0.0133431            2.54653
267.223      70.2121       -0.0132023            2.54653
