#
#
#   Lonertzian-smoothed self-energy (both particle and hole)
#
#   k = 1.61057 fm^-1 (group = 2)     and E_F = -52.0162 MeV
#
#   Sigma^{infty} = -24.1367 MeV
#
#
#    E               Re \Sig(k,E)       Im \Sig(k,E)             k 

-269.471      -27.0642       0.00991266            1.61057
-268.771      -27.0771       0.0102381            1.61057
-268.071      -27.0903       0.0105835            1.61057
-267.371      -27.1037       0.0109508            1.61057
-266.671      -27.1174       0.0113425            1.61057
-265.971      -27.1313       0.0117614            1.61057
-265.271      -27.1455       0.0122109            1.61057
-264.571      -27.1601       0.0126949            1.61057
-263.871      -27.1749       0.0132181            1.61057
-263.171      -27.1901       0.0137858            1.61057
-262.471      -27.2057       0.014405            1.61057
-261.771      -27.2217       0.0150837            1.61057
-261.071      -27.2381       0.0158319            1.61057
-260.371      -27.255       0.0166621            1.61057
-259.671      -27.2725       0.0175901            1.61057
-258.971      -27.2905       0.018636            1.61057
-258.271      -27.3093       0.0198258            1.61057
-257.571      -27.3288       0.0211942            1.61057
-256.871      -27.3491       0.0227877            1.61057
-256.171      -27.3704       0.024671            1.61057
-255.471      -27.393       0.0269356            1.61057
-254.771      -27.4169       0.0297164            1.61057
-254.071      -27.4425       0.033219            1.61057
-253.371      -27.4703       0.0377727            1.61057
-252.671      -27.5007       0.0439355            1.61057
-251.971      -27.5345       0.0527193            1.61057
-251.271      -27.5726       0.0661105            1.61057
-250.571      -27.6156       0.088297            1.61057
-249.871      -27.6598       0.127862            1.61057
-249.171      -27.6835       0.191868            1.61057
-248.471      -27.6615       0.234732            1.61057
-247.771      -27.6736       0.22881            1.61057
-247.071      -27.7382       0.26311            1.61057
-246.371      -27.7922       0.386076            1.61057
-245.671      -27.7034       0.587973            1.61057
-244.971      -27.4223       0.599837            1.61057
-244.271      -27.3127       0.3952            1.61057
-243.571      -27.3574       0.251236            1.61057
-242.871      -27.431       0.177112            1.61057
-242.171      -27.504       0.141887            1.61057
-241.471      -27.5694       0.127225            1.61057
-240.771      -27.6295       0.123022            1.61057
-240.071      -27.6867       0.126381            1.61057
-239.371      -27.7389       0.133281            1.61057
-238.671      -27.7969       0.135253            1.61057
-237.971      -27.8701       0.144663            1.61057
-237.271      -27.9558       0.168218            1.61057
-236.571      -28.0563       0.212099            1.61057
-235.871      -28.174       0.289211            1.61057
-235.171      -28.3096       0.422229            1.61057
-234.471      -28.4562       0.66947            1.61057
-233.771      -28.491       1.15019            1.61057
-233.071      -27.9824       1.73686            1.61057
-232.371      -27.11       1.55007            1.61057
-231.671      -26.8758       0.95398            1.61057
-230.971      -26.9652       0.596974            1.61057
-230.271      -27.0867       0.396285            1.61057
-229.571      -27.2123       0.274518            1.61057
-228.871      -27.3248       0.207188            1.61057
-228.171      -27.417       0.168539            1.61057
-227.471      -27.4969       0.143104            1.61057
-226.771      -27.5678       0.131467            1.61057
-226.071      -27.6214       0.127896            1.61057
-225.371      -27.6649       0.113084            1.61057
-224.671      -27.7172       0.0950969            1.61057
-223.971      -27.7725       0.0839047            1.61057
-223.271      -27.8267       0.0775767            1.61057
-222.571      -27.8793       0.0740465            1.61057
-221.871      -27.931       0.0722891            1.61057
-221.171      -27.9823       0.0718099            1.61057
-220.471      -28.0338       0.0723659            1.61057
-219.771      -28.086       0.0738482            1.61057
-219.071      -28.1393       0.076233            1.61057
-218.371      -28.1944       0.0795637            1.61057
-217.671      -28.2517       0.0839489            1.61057
-216.971      -28.3118       0.0895731            1.61057
-216.271      -28.3754       0.0967213            1.61057
-215.571      -28.4436       0.105824            1.61057
-214.871      -28.5173       0.117534            1.61057
-214.171      -28.5981       0.132867            1.61057
-213.471      -28.6881       0.153459            1.61057
-212.771      -28.7901       0.182066            1.61057
-212.071      -28.908       0.223601            1.61057
-211.371      -29.0473       0.287428            1.61057
-210.671      -29.214       0.392782            1.61057
-209.971      -29.4087       0.581943            1.61057
-209.271      -29.5873       0.945834            1.61057
-208.571      -29.4958       1.57765            1.61057
-207.871      -28.709       1.96319            1.61057
-207.171      -28.0995       1.44461            1.61057
-206.471      -28.1544       0.918019            1.61057
-205.771      -28.4028       0.665021            1.61057
-205.071      -28.6697       0.581513            1.61057
-204.371      -28.9228       0.610505            1.61057
-203.671      -29.1312       0.74008            1.61057
-202.971      -29.2142       0.895517            1.61057
-202.271      -29.3165       0.911571            1.61057
-201.571      -29.6163       0.989485            1.61057
-200.871      -30.013       1.31561            1.61057
-200.171      -30.3394       2.06225            1.61057
-199.471      -29.9849       3.32281            1.61057
-198.771      -28.3434       3.78763            1.61057
-198.071      -27.4458       2.72709            1.61057
-197.371      -27.6702       1.97096            1.61057
-196.671      -28.065       1.87926            1.61057
-195.971      -28.0619       2.17838            1.61057
-195.271      -27.6624       2.11698            1.61057
-194.571      -27.5844       1.80163            1.61057
-193.871      -27.6561       1.64825            1.61057
-193.171      -27.6903       1.57284            1.61057
-192.471      -27.7837       1.54751            1.61057
-191.771      -27.6925       1.75002            1.61057
-191.071      -27.2408       1.60163            1.61057
-190.371      -27.1728       1.09485            1.61057
-189.671      -27.3884       0.768549            1.61057
-188.971      -27.6401       0.617129            1.61057
-188.271      -27.857       0.570613            1.61057
-187.571      -28.0351       0.582317            1.61057
-186.871      -28.136       0.649375            1.61057
-186.171      -28.1375       0.646621            1.61057
-185.471      -28.2136       0.544255            1.61057
-184.771      -28.3887       0.504302            1.61057
-184.071      -28.5633       0.583265            1.61057
-183.371      -28.6017       0.770275            1.61057
-182.671      -28.4179       0.805708            1.61057
-181.971      -28.3795       0.598206            1.61057
-181.271      -28.5167       0.453971            1.61057
-180.571      -28.671       0.407768            1.61057
-179.871      -28.7847       0.386545            1.61057
-179.171      -28.9091       0.34498            1.61057
-178.471      -29.0566       0.322688            1.61057
-177.771      -29.2112       0.31364            1.61057
-177.071      -29.3834       0.320003            1.61057
-176.371      -29.5718       0.352033            1.61057
-175.671      -29.7771       0.419687            1.61057
-174.971      -29.9955       0.548794            1.61057
-174.271      -30.1837       0.781589            1.61057
-173.571      -30.236       1.10217            1.61057
-172.871      -30.0373       1.40326            1.61057
-172.171      -29.6805       1.288            1.61057
-171.471      -29.7253       0.938166            1.61057
-170.771      -30.0118       0.756977            1.61057
-170.071      -30.3569       0.728449            1.61057
-169.371      -30.7275       0.819093            1.61057
-168.671      -31.1067       1.05749            1.61057
-167.971      -31.3768       1.50137            1.61057
-167.271      -31.3271       1.94292            1.61057
-166.571      -31.2645       2.15877            1.61057
-165.871      -31.1288       2.32852            1.61057
-165.171      -31.1955       2.13319            1.61057
-164.471      -31.7998       2.1294            1.61057
-163.771      -32.6384       2.67808            1.61057
-163.071      -33.4165       4.07522            1.61057
-162.371      -33.1104       6.70022            1.61057
-161.671      -29.8127       8.64488            1.61057
-160.971      -26.6533       6.72431            1.61057
-160.271      -26.3453       4.26971            1.61057
-159.571      -27.1193       2.95732            1.61057
-158.871      -28.0121       2.55769            1.61057
-158.171      -28.5886       2.87381            1.61057
-157.471      -28.2009       3.38862            1.61057
-156.771      -27.4554       2.786            1.61057
-156.071      -27.6174       1.85724            1.61057
-155.371      -28.1496       1.33066            1.61057
-154.671      -28.7052       1.0836            1.61057
-153.971      -29.2308       0.998154            1.61057
-153.271      -29.726       1.04338            1.61057
-152.571      -30.1437       1.24446            1.61057
-151.871      -30.2956       1.5175            1.61057
-151.171      -30.3082       1.44848            1.61057
-150.471      -30.6522       1.24223            1.61057
-149.771      -31.1894       1.20751            1.61057
-149.071      -31.7929       1.35807            1.61057
-148.371      -32.3973       1.72932            1.61057
-147.671      -32.8258       2.30691            1.61057
-146.971      -33.1149       2.84591            1.61057
-146.271      -33.3299       3.63791            1.61057
-145.571      -32.8612       4.24525            1.61057
-144.871      -32.6399       4.00395            1.61057
-144.171      -33.2429       3.73862            1.61057
-143.471      -34.3521       4.15867            1.61057
-142.771      -35.2207       5.38315            1.61057
-142.071      -35.6608       6.80949            1.61057
-141.371      -35.9919       8.88877            1.61057
-140.671      -34.5538       11.6878            1.61057
-139.971      -31.7911       12.0581            1.61057
-139.271      -31.1008       11.6129            1.61057
-138.571      -30.7631       12.5096            1.61057
-137.871      -29.1068       13.8696            1.61057
-137.171      -26.7139       14.3607            1.61057
-136.471      -23.9614       13.4572            1.61057
-135.771      -22.5399       12.1117            1.61057
-135.071      -20.4166       10.5837            1.61057
-134.371      -19.6784       7.31344            1.61057
-133.671      -20.8256       4.93707            1.61057
-132.971      -22.2855       3.77773            1.61057
-132.271      -23.5651       3.37622            1.61057
-131.571      -24.5392       3.40503            1.61057
-130.871      -25.2421       3.80036            1.61057
-130.171      -25.246       4.33322            1.61057
-129.471      -25.1044       4.33615            1.61057
-128.771      -24.9902       4.63109            1.61057
-128.071      -24.0238       4.4299            1.61057
-127.371      -23.7688       3.16763            1.61057
-126.671      -24.3747       2.22263            1.61057
-125.971      -25.1791       1.74509            1.61057
-125.271      -25.9883       1.56596            1.61057
-124.571      -26.7925       1.59913            1.61057
-123.871      -27.6193       1.86123            1.61057
-123.171      -28.4504       2.48714            1.61057
-122.471      -28.9887       3.71417            1.61057
-121.771      -28.4317       5.10675            1.61057
-121.071      -27.6691       5.4266            1.61057
-120.371      -27.4867       6.3327            1.61057
-119.671      -25.4114       7.69967            1.61057
-118.971      -22.667       6.10571            1.61057
-118.271      -22.4068       3.68418            1.61057
-117.571      -23.1259       2.28714            1.61057
-116.871      -23.8939       1.55961            1.61057
-116.171      -24.5521       1.15594            1.61057
-115.471      -25.106       0.914465            1.61057
-114.771      -25.5816       0.761164            1.61057
-114.071      -26.001       0.659871            1.61057
-113.371      -26.3806       0.591646            1.61057
-112.671      -26.7325       0.546022            1.61057
-111.971      -27.0659       0.517072            1.61057
-111.271      -27.3881       0.501576            1.61057
-110.571      -27.7051       0.498244            1.61057
-109.871      -28.0222       0.507575            1.61057
-109.171      -28.3421       0.531087            1.61057
-108.471      -28.6677       0.566213            1.61057
-107.771      -29.0108       0.616294            1.61057
-107.071      -29.3676       0.691037            1.61057
-106.371      -29.7469       0.772163            1.61057
-105.671      -30.1952       0.880987            1.61057
-104.971      -30.7231       1.06897            1.61057
-104.271      -31.3388       1.39411            1.61057
-103.571      -32.0328       1.97895            1.61057
-102.871      -32.6336       3.0444            1.61057
-102.171      -32.5327       4.56771            1.61057
-101.471      -31.5475       5.56714            1.61057
-100.771      -30.4965       5.83162            1.61057
-100.071      -29.9501       5.51932            1.61057
-99.3707      -29.7155       5.62134            1.61057
-98.6707      -29.3657       5.41895            1.61057
-97.9707      -29.6233       5.64513            1.61057
-97.2707      -28.9351       6.69646            1.61057
-96.5707      -26.8974       6.46426            1.61057
-95.8707      -26.0666       4.50528            1.61057
-95.1707      -26.6745       3.05182            1.61057
-94.4707      -27.4697       2.32955            1.61057
-93.7707      -28.2187       1.84946            1.61057
-93.0707      -29.02       1.54701            1.61057
-92.3707      -29.8227       1.40658            1.61057
-91.6707      -30.6195       1.37177            1.61057
-90.9707      -31.4332       1.41287            1.61057
-90.2707      -32.2916       1.52166            1.61057
-89.5707      -33.2243       1.70467            1.61057
-88.8707      -34.259       1.97985            1.61057
-88.1707      -35.4292       2.36034            1.61057
-87.4707      -36.8239       2.8826            1.61057
-86.7707      -38.5383       3.67312            1.61057
-86.0707      -40.6686       4.92764            1.61057
-85.3707      -43.3265       7.02722            1.61057
-84.6707      -46.4515       10.7768            1.61057
-84.5507      -46.9863       11.6807            1.61057
-84.4307      -47.4975       12.6813            1.61057
-84.3107      -47.9698       13.7844            1.61057
-84.1907      -48.3851       14.9928            1.61057
-84.0707      -48.7223       16.3047            1.61057
-83.9507      -48.9596       17.7115            1.61057
-83.8307      -49.077       19.1969            1.61057
-83.7107      -49.0607       20.7368            1.61057
-83.5907      -48.9079       22.3023            1.61057
-83.4707      -48.6297       23.8659            1.61057
-83.3507      -48.2514       25.4096            1.61057
-83.2307      -47.8057       26.9336            1.61057
-83.1107      -47.3227       28.4606            1.61057
-82.9907      -46.817       30.0336            1.61057
-82.8707      -46.2771       31.707            1.61057
-82.7507      -45.6608       33.5346            1.61057
-82.6307      -44.8957       35.5554            1.61057
-82.5107      -43.8839       37.7812            1.61057
-82.3907      -42.5118       40.1855            1.61057
-82.2707      -40.6638       42.6943            1.61057
-82.1507      -38.2411       45.1808            1.61057
-82.0307      -35.1863       47.468            1.61057
-81.9107      -31.5097       49.3437            1.61057
-81.7907      -27.3089       50.5924            1.61057
-81.6707      -22.7707       51.0376            1.61057
-81.5507      -18.1479       50.5851            1.61057
-81.4307      -13.7135       49.2474            1.61057
-81.3107      -9.70803       47.1396            1.61057
-81.1907      -6.29955       44.4477            1.61057
-81.0707      -3.56842       41.3856            1.61057
-80.9507      -1.51569       38.1551            1.61057
-80.8307      -0.0856118       34.9213            1.61057
-80.7107      0.808972       31.8035            1.61057
-80.5907      1.26564       28.8774            1.61057
-80.4707      1.37845       26.1833            1.61057
-80.3507      1.23048       23.7358            1.61057
-80.2307      0.891033       21.5324            1.61057
-80.1107      0.415661       19.5603            1.61057
-79.9907      -0.152344       17.8014            1.61057
-79.8707      -0.779994       16.2353            1.61057
-79.7507      -1.44259       14.8416            1.61057
-79.6307      -2.12193       13.6006            1.61057
-79.5107      -2.80481       12.4943            1.61057
-79.3907      -3.48181       11.5065            1.61057
-79.2707      -4.14637       10.6227            1.61057
-79.1507      -4.79402       9.8302            1.61057
-79.0307      -5.42188       9.11795            1.61057
-78.9107      -6.02819       8.47624            1.61057
-78.7907      -6.61206       7.89669            1.61057
-78.6707      -7.17316       7.37198            1.61057
-78.5507      -7.71162       6.89577            1.61057
-78.4307      -8.22783       6.46255            1.61057
-78.3107      -8.72243       6.06751            1.61057
-78.1907      -9.19615       5.70648            1.61057
-78.0707      -9.64982       5.37579            1.61057
-77.9507      -10.0843       5.07225            1.61057
-77.8307      -10.5005       4.79305            1.61057
-77.7107      -10.8993       4.53574            1.61057
-77.5907      -11.2816       4.29812            1.61057
-77.4707      -11.6482       4.0783            1.61057
-77.3507      -11.9999       3.87458            1.61057
-77.2307      -12.3376       3.68545            1.61057
-77.1107      -12.6618       3.50957            1.61057
-76.9907      -12.9735       3.34575            1.61057
-76.8707      -13.2732       3.19294            1.61057
-76.7507      -13.5615       3.05018            1.61057
-76.6307      -13.839       2.91662            1.61057
-76.5107      -14.1064       2.7915            1.61057
-76.3907      -14.3641       2.67412            1.61057
-76.2707      -14.6126       2.56386            1.61057
-76.1507      -14.8525       2.46018            1.61057
-76.0307      -15.0841       2.36255            1.61057
-75.9107      -15.3078       2.27052            1.61057
-75.7907      -15.524       2.18367            1.61057
-75.6707      -15.7332       2.10162            1.61057
-75.5507      -15.9356       2.02403            1.61057
-75.4307      -16.1316       1.95057            1.61057
-75.3107      -16.3214       1.88097            1.61057
-75.1907      -16.5054       1.81496            1.61057
-75.0707      -16.6838       1.75229            1.61057
-74.9507      -16.8569       1.69274            1.61057
-74.8307      -17.025       1.63611            1.61057
-74.7107      -17.1881       1.58221            1.61057
-74.5907      -17.3467       1.53087            1.61057
-74.4707      -17.5007       1.48193            1.61057
-74.3507      -17.6506       1.43524            1.61057
-74.2307      -17.7964       1.39066            1.61057
-74.1107      -17.9382       1.34808            1.61057
-73.9907      -18.0764       1.30736            1.61057
-73.8707      -18.2109       1.26841            1.61057
-73.7507      -18.3421       1.23112            1.61057
-73.6307      -18.4699       1.1954            1.61057
-73.5107      -18.5945       1.16115            1.61057
-73.3907      -18.7161       1.12831            1.61057
-73.2707      -18.8348       1.09679            1.61057
-73.1507      -18.9507       1.06653            1.61057
-73.0307      -19.0638       1.03745            1.61057
-72.9107      -19.1743       1.00949            1.61057
-72.7907      -19.2824       0.982608            1.61057
-72.6707      -19.388       0.956735            1.61057
-72.5507      -19.4912       0.931823            1.61057
-72.4307      -19.5923       0.907826            1.61057
-72.3107      -19.6911       0.884698            1.61057
-72.1907      -19.7879       0.862398            1.61057
-72.0707      -19.8826       0.840886            1.61057
-71.9507      -19.9754       0.820124            1.61057
-71.8307      -20.0663       0.800079            1.61057
-71.7107      -20.1553       0.780716            1.61057
-71.5907      -20.2427       0.762004            1.61057
-71.4707      -20.3283       0.743914            1.61057
-71.3507      -20.4122       0.726418            1.61057
-71.2307      -20.4946       0.709491            1.61057
-71.1107      -20.5754       0.693106            1.61057
-70.9907      -20.6547       0.677242            1.61057
-70.8707      -20.7326       0.661874            1.61057
-70.7507      -20.809       0.646984            1.61057
-70.6307      -20.8841       0.632549            1.61057
-70.5107      -20.9579       0.618552            1.61057
-70.3907      -21.0304       0.604975            1.61057
-70.2707      -21.1016       0.5918            1.61057
-70.1507      -21.1717       0.579012            1.61057
-70.0307      -21.2406       0.566594            1.61057
-69.9107      -21.3083       0.554533            1.61057
-69.7907      -21.375       0.542815            1.61057
-69.6707      -21.4405       0.531425            1.61057
-69.5507      -21.5051       0.520352            1.61057
-69.4307      -21.5686       0.509584            1.61057
-69.3107      -21.6311       0.499108            1.61057
-69.1907      -21.6927       0.488915            1.61057
-69.0707      -21.7534       0.478993            1.61057
-68.9507      -21.8131       0.469334            1.61057
-68.8307      -21.872       0.459926            1.61057
-68.7107      -21.93       0.450762            1.61057
-68.5907      -21.9871       0.441833            1.61057
-68.4707      -22.0435       0.433129            1.61057
-68.3507      -22.0991       0.424644            1.61057
-68.2307      -22.1539       0.41637            1.61057
-68.1107      -22.2079       0.4083            1.61057
-67.9907      -22.2612       0.400426            1.61057
-67.8707      -22.3138       0.392741            1.61057
-67.7507      -22.3657       0.385241            1.61057
-67.6307      -22.417       0.377918            1.61057
-67.5107      -22.4675       0.370766            1.61057
-67.3907      -22.5175       0.36378            1.61057
-67.2707      -22.5668       0.356955            1.61057
-67.1507      -22.6154       0.350285            1.61057
-67.0307      -22.6635       0.343766            1.61057
-66.9107      -22.711       0.337392            1.61057
-66.7907      -22.758       0.331159            1.61057
-66.6707      -22.8043       0.325063            1.61057
-66.5507      -22.8502       0.319099            1.61057
-66.4307      -22.8955       0.313263            1.61057
-66.3107      -22.9403       0.307551            1.61057
-66.1907      -22.9845       0.301961            1.61057
-66.0707      -23.0283       0.296487            1.61057
-65.9507      -23.0716       0.291126            1.61057
-65.8307      -23.1144       0.285876            1.61057
-65.7107      -23.1568       0.280732            1.61057
-65.5907      -23.1987       0.275692            1.61057
-65.4707      -23.2402       0.270753            1.61057
-65.3507      -23.2812       0.265911            1.61057
-65.2307      -23.3219       0.261164            1.61057
-65.1107      -23.3621       0.256509            1.61057
-64.9907      -23.4019       0.251944            1.61057
-64.8707      -23.4413       0.247466            1.61057
-64.7507      -23.4803       0.243073            1.61057
-64.6307      -23.5189       0.238761            1.61057
-64.5107      -23.5572       0.23453            1.61057
-64.3907      -23.5951       0.230377            1.61057
-64.2707      -23.6327       0.226299            1.61057
-64.1507      -23.6699       0.222294            1.61057
-64.0307      -23.7068       0.218362            1.61057
-63.9107      -23.7433       0.214499            1.61057
-63.7907      -23.7795       0.210703            1.61057
-63.6707      -23.8154       0.206974            1.61057
-63.5507      -23.851       0.203309            1.61057
-63.4307      -23.8863       0.199706            1.61057
-63.3107      -23.9213       0.196165            1.61057
-63.1907      -23.956       0.192683            1.61057
-63.0707      -23.9904       0.189258            1.61057
-62.9507      -24.0245       0.18589            1.61057
-62.8307      -24.0583       0.182577            1.61057
-62.7107      -24.0919       0.179318            1.61057
-62.5907      -24.1252       0.17611            1.61057
-62.4707      -24.1583       0.172953            1.61057
-62.3507      -24.1911       0.169846            1.61057
-62.2307      -24.2236       0.166787            1.61057
-62.1107      -24.2559       0.163775            1.61057
-61.9907      -24.288       0.16081            1.61057
-61.8707      -24.3198       0.157889            1.61057
-61.7507      -24.3515       0.155011            1.61057
-61.6307      -24.3828       0.152177            1.61057
-61.5107      -24.414       0.149384            1.61057
-61.3907      -24.4449       0.146631            1.61057
-61.2707      -24.4757       0.143918            1.61057
-61.1507      -24.5062       0.141244            1.61057
-61.0307      -24.5365       0.138608            1.61057
-60.9107      -24.5666       0.136008            1.61057
-60.7907      -24.5966       0.133445            1.61057
-60.6707      -24.6263       0.130916            1.61057
-60.5507      -24.6558       0.128422            1.61057
-60.4307      -24.6852       0.125961            1.61057
-60.3107      -24.7144       0.123534            1.61057
-60.1907      -24.7434       0.121137            1.61057
-60.0707      -24.7722       0.118773            1.61057
-59.9507      -24.8009       0.116438            1.61057
-59.8307      -24.8294       0.114134            1.61057
-59.7107      -24.8577       0.111858            1.61057
-59.5907      -24.8858       0.109611            1.61057
-59.4707      -24.9139       0.107392            1.61057
-59.3507      -24.9417       0.1052            1.61057
-59.2307      -24.9694       0.103034            1.61057
-59.1107      -24.997       0.100894            1.61057
-58.9907      -25.0244       0.0987801            1.61057
-58.8707      -25.0516       0.0966904            1.61057
-58.7507      -25.0788       0.0946249            1.61057
-58.6307      -25.1058       0.0925831            1.61057
-58.5107      -25.1326       0.0905644            1.61057
-58.3907      -25.1593       0.0885682            1.61057
-58.2707      -25.1859       0.0865942            1.61057
-58.1507      -25.2124       0.0846417            1.61057
-58.0307      -25.2387       0.0827103            1.61057
-57.9107      -25.265       0.0807995            1.61057
-57.7907      -25.2911       0.0789089            1.61057
-57.6707      -25.317       0.077038            1.61057
-57.5507      -25.3429       0.0751864            1.61057
-57.4307      -25.3687       0.0733536            1.61057
-57.3107      -25.3943       0.0715392            1.61057
-57.1907      -25.4199       0.0697428            1.61057
-57.0707      -25.4453       0.067964            1.61057
-56.9507      -25.4706       0.0662025            1.61057
-56.8307      -25.4958       0.0644577            1.61057
-56.7107      -25.521       0.0627294            1.61057
-56.5907      -25.546       0.0610171            1.61057
-56.4707      -25.571       0.0593206            1.61057
-56.3507      -25.5958       0.0576394            1.61057
-56.2307      -25.6206       0.0559733            1.61057
-56.1107      -25.6452       0.0543218            1.61057
-55.9907      -25.6698       0.0526846            1.61057
-55.8707      -25.6943       0.0510615            1.61057
-55.7507      -25.7187       0.049452            1.61057
-55.6307      -25.743       0.0478559            1.61057
-55.5107      -25.7673       0.0462729            1.61057
-55.3907      -25.7915       0.0447027            1.61057
-55.2707      -25.8156       0.043145            1.61057
-55.1507      -25.8396       0.0415994            1.61057
-55.0307      -25.8635       0.0400658            1.61057
-54.9107      -25.8874       0.0385438            1.61057
-54.7907      -25.9112       0.0370331            1.61057
-54.6707      -25.935       0.0355335            1.61057
-54.5507      -25.9586       0.0340448            1.61057
-54.4307      -25.9822       0.0325666            1.61057
-54.3107      -26.0058       0.0310987            1.61057
-54.3107       0       0


-49.7967       0       0
-49.7967      -26.8597       -0.0186957            1.61057
-49.6767      -26.8818       -0.0199229            1.61057
-49.5567      -26.904       -0.0211471            1.61057
-49.4367      -26.9262       -0.0223687            1.61057
-49.3167      -26.9483       -0.0235878            1.61057
-49.1967      -26.9705       -0.0248044            1.61057
-49.0767      -26.9926       -0.0260188            1.61057
-48.9567      -27.0147       -0.027231            1.61057
-48.8367      -27.0369       -0.0284413            1.61057
-48.7167      -27.059       -0.0296497            1.61057
-48.5967      -27.0811       -0.0308564            1.61057
-48.4767      -27.1032       -0.0320615            1.61057
-48.3567      -27.1254       -0.0332652            1.61057
-48.2367      -27.1475       -0.0344676            1.61057
-48.1167      -27.1696       -0.0356689            1.61057
-47.9967      -27.1917       -0.0368691            1.61057
-47.8767      -27.2139       -0.0380684            1.61057
-47.7567      -27.236       -0.039267            1.61057
-47.6367      -27.2581       -0.0404649            1.61057
-47.5167      -27.2803       -0.0416624            1.61057
-47.3967      -27.3024       -0.0428595            1.61057
-47.2767      -27.3246       -0.0440563            1.61057
-47.1567      -27.3468       -0.0452531            1.61057
-47.0367      -27.369       -0.0464499            1.61057
-46.9167      -27.3912       -0.0476469            1.61057
-46.7967      -27.4134       -0.0488441            1.61057
-46.6767      -27.4356       -0.0500418            1.61057
-46.5567      -27.4579       -0.05124            1.61057
-46.4367      -27.4801       -0.052439            1.61057
-46.3167      -27.5024       -0.0536387            1.61057
-46.1967      -27.5247       -0.0548394            1.61057
-46.0767      -27.547       -0.0560411            1.61057
-45.9567      -27.5694       -0.0572441            1.61057
-45.8367      -27.5917       -0.0584483            1.61057
-45.7167      -27.6141       -0.0596541            1.61057
-45.5967      -27.6365       -0.0608614            1.61057
-45.4767      -27.659       -0.0620704            1.61057
-45.3567      -27.6814       -0.0632813            1.61057
-45.2367      -27.7039       -0.0644942            1.61057
-45.1167      -27.7264       -0.0657092            1.61057
-44.9967      -27.749       -0.0669264            1.61057
-44.8767      -27.7716       -0.068146            1.61057
-44.7567      -27.7942       -0.069368            1.61057
-44.6367      -27.8168       -0.0705927            1.61057
-44.5167      -27.8395       -0.0718202            1.61057
-44.3967      -27.8622       -0.0730506            1.61057
-44.2767      -27.885       -0.074284            1.61057
-44.1567      -27.9077       -0.0755206            1.61057
-44.0367      -27.9306       -0.0767604            1.61057
-43.9167      -27.9534       -0.0780037            1.61057
-43.7967      -27.9763       -0.0792506            1.61057
-43.6767      -27.9993       -0.0805012            1.61057
-43.5567      -28.0222       -0.0817556            1.61057
-43.4367      -28.0453       -0.083014            1.61057
-43.3167      -28.0683       -0.0842765            1.61057
-43.1967      -28.0915       -0.0855433            1.61057
-43.0767      -28.1146       -0.0868144            1.61057
-42.9567      -28.1378       -0.0880901            1.61057
-42.8367      -28.1611       -0.0893705            1.61057
-42.7167      -28.1844       -0.0906558            1.61057
-42.5967      -28.2078       -0.0919459            1.61057
-42.4767      -28.2312       -0.0932412            1.61057
-42.3567      -28.2547       -0.0945418            1.61057
-42.2367      -28.2782       -0.0958478            1.61057
-42.1167      -28.3018       -0.0971593            1.61057
-41.9967      -28.3254       -0.0984766            1.61057
-41.8767      -28.3491       -0.0997997            1.61057
-41.7567      -28.3729       -0.101129            1.61057
-41.6367      -28.3967       -0.102464            1.61057
-41.5167      -28.4206       -0.103806            1.61057
-41.3967      -28.4445       -0.105154            1.61057
-41.2767      -28.4685       -0.106509            1.61057
-41.1567      -28.4926       -0.10787            1.61057
-41.0367      -28.5167       -0.109239            1.61057
-40.9167      -28.5409       -0.110615            1.61057
-40.7967      -28.5652       -0.111998            1.61057
-40.6767      -28.5896       -0.113388            1.61057
-40.5567      -28.614       -0.114786            1.61057
-40.4367      -28.6385       -0.116192            1.61057
-40.3167      -28.6631       -0.117606            1.61057
-40.1967      -28.6877       -0.119028            1.61057
-40.0767      -28.7124       -0.120459            1.61057
-39.9567      -28.7372       -0.121898            1.61057
-39.8367      -28.7621       -0.123346            1.61057
-39.7167      -28.7871       -0.124802            1.61057
-39.5967      -28.8121       -0.126268            1.61057
-39.4767      -28.8373       -0.127743            1.61057
-39.3567      -28.8625       -0.129228            1.61057
-39.2367      -28.8878       -0.130722            1.61057
-39.1167      -28.9132       -0.132226            1.61057
-38.9967      -28.9387       -0.13374            1.61057
-38.8767      -28.9642       -0.135264            1.61057
-38.7567      -28.9899       -0.136799            1.61057
-38.6367      -29.0157       -0.138345            1.61057
-38.5167      -29.0415       -0.139902            1.61057
-38.3967      -29.0675       -0.141469            1.61057
-38.2767      -29.0935       -0.143048            1.61057
-38.1567      -29.1197       -0.144639            1.61057
-38.0367      -29.1459       -0.146241            1.61057
-37.9167      -29.1723       -0.147856            1.61057
-37.7967      -29.1988       -0.149483            1.61057
-37.6767      -29.2254       -0.151122            1.61057
-37.5567      -29.252       -0.152774            1.61057
-37.4367      -29.2788       -0.154439            1.61057
-37.3167      -29.3057       -0.156118            1.61057
-37.1967      -29.3328       -0.157809            1.61057
-37.0767      -29.3599       -0.159515            1.61057
-36.9567      -29.3872       -0.161235            1.61057
-36.8367      -29.4145       -0.162969            1.61057
-36.7167      -29.442       -0.164717            1.61057
-36.5967      -29.4696       -0.166481            1.61057
-36.4767      -29.4974       -0.168259            1.61057
-36.3567      -29.5253       -0.170054            1.61057
-36.2367      -29.5533       -0.171863            1.61057
-36.1167      -29.5814       -0.173689            1.61057
-35.9967      -29.6097       -0.175531            1.61057
-35.8767      -29.638       -0.17739            1.61057
-35.7567      -29.6666       -0.179266            1.61057
-35.6367      -29.6953       -0.181159            1.61057
-35.5167      -29.7241       -0.18307            1.61057
-35.3967      -29.753       -0.184998            1.61057
-35.2767      -29.7821       -0.186945            1.61057
-35.1567      -29.8114       -0.188911            1.61057
-35.0367      -29.8408       -0.190895            1.61057
-34.9167      -29.8703       -0.192899            1.61057
-34.7967      -29.9       -0.194923            1.61057
-34.6767      -29.9299       -0.196967            1.61057
-34.5567      -29.9599       -0.199031            1.61057
-34.4367      -29.9901       -0.201116            1.61057
-34.3167      -30.0204       -0.203222            1.61057
-34.1967      -30.0509       -0.20535            1.61057
-34.0767      -30.0816       -0.2075            1.61057
-33.9567      -30.1124       -0.209673            1.61057
-33.8367      -30.1435       -0.211869            1.61057
-33.7167      -30.1747       -0.214088            1.61057
-33.5967      -30.206       -0.216331            1.61057
-33.4767      -30.2376       -0.218598            1.61057
-33.3567      -30.2693       -0.22089            1.61057
-33.2367      -30.3012       -0.223207            1.61057
-33.1167      -30.3334       -0.22555            1.61057
-32.9967      -30.3657       -0.22792            1.61057
-32.8767      -30.3982       -0.230316            1.61057
-32.7567      -30.4309       -0.232739            1.61057
-32.6367      -30.4638       -0.23519            1.61057
-32.5167      -30.4969       -0.23767            1.61057
-32.3967      -30.5302       -0.240179            1.61057
-32.2767      -30.5637       -0.242717            1.61057
-32.1567      -30.5974       -0.245285            1.61057
-32.0367      -30.6314       -0.247884            1.61057
-31.9167      -30.6655       -0.250514            1.61057
-31.7967      -30.6999       -0.253177            1.61057
-31.6767      -30.7346       -0.255871            1.61057
-31.5567      -30.7694       -0.2586            1.61057
-31.4367      -30.8045       -0.261362            1.61057
-31.3167      -30.8398       -0.264159            1.61057
-31.1967      -30.8754       -0.266991            1.61057
-31.0767      -30.9112       -0.269859            1.61057
-30.9567      -30.9473       -0.272764            1.61057
-30.8367      -30.9836       -0.275707            1.61057
-30.7167      -31.0201       -0.278688            1.61057
-30.5967      -31.057       -0.281708            1.61057
-30.4767      -31.0941       -0.284768            1.61057
-30.3567      -31.1314       -0.28787            1.61057
-30.2367      -31.1691       -0.291012            1.61057
-30.1167      -31.207       -0.294198            1.61057
-29.9967      -31.2452       -0.297427            1.61057
-29.8767      -31.2837       -0.3007            1.61057
-29.7567      -31.3224       -0.304019            1.61057
-29.6367      -31.3615       -0.307384            1.61057
-29.5167      -31.4009       -0.310796            1.61057
-29.3967      -31.4406       -0.314257            1.61057
-29.2767      -31.4805       -0.317768            1.61057
-29.1567      -31.5208       -0.321329            1.61057
-29.0367      -31.5615       -0.324941            1.61057
-28.9167      -31.6024       -0.328607            1.61057
-28.7967      -31.6437       -0.332326            1.61057
-28.6767      -31.6853       -0.336101            1.61057
-28.5567      -31.7273       -0.339932            1.61057
-28.4367      -31.7696       -0.343821            1.61057
-28.3167      -31.8123       -0.347769            1.61057
-28.1967      -31.8553       -0.351778            1.61057
-28.0767      -31.8987       -0.355848            1.61057
-27.9567      -31.9425       -0.359982            1.61057
-27.8367      -31.9866       -0.36418            1.61057
-27.7167      -32.0312       -0.368445            1.61057
-27.5967      -32.0761       -0.372777            1.61057
-27.4767      -32.1214       -0.377179            1.61057
-27.3567      -32.1672       -0.381652            1.61057
-27.2367      -32.2133       -0.386198            1.61057
-27.1167      -32.2599       -0.390818            1.61057
-26.9967      -32.3069       -0.395515            1.61057
-26.8767      -32.3543       -0.40029            1.61057
-26.7567      -32.4022       -0.405145            1.61057
-26.6367      -32.4506       -0.410083            1.61057
-26.5167      -32.4994       -0.415104            1.61057
-26.3967      -32.5486       -0.420212            1.61057
-26.2767      -32.5984       -0.425408            1.61057
-26.1567      -32.6486       -0.430695            1.61057
-26.0367      -32.6994       -0.436075            1.61057
-25.9167      -32.7506       -0.44155            1.61057
-25.7967      -32.8023       -0.447123            1.61057
-25.6767      -32.8546       -0.452796            1.61057
-25.5567      -32.9074       -0.458573            1.61057
-25.4367      -32.9608       -0.464455            1.61057
-25.3167      -33.0147       -0.470446            1.61057
-25.1967      -33.0692       -0.476548            1.61057
-25.0767      -33.1243       -0.482765            1.61057
-24.9567      -33.1799       -0.489099            1.61057
-24.8367      -33.2362       -0.495554            1.61057
-24.7167      -33.293       -0.502133            1.61057
-24.5967      -33.3505       -0.50884            1.61057
-24.4767      -33.4087       -0.515677            1.61057
-24.3567      -33.4674       -0.522649            1.61057
-24.2367      -33.5269       -0.52976            1.61057
-24.1167      -33.587       -0.537013            1.61057
-23.9967      -33.6478       -0.544413            1.61057
-23.8767      -33.7093       -0.551963            1.61057
-23.7567      -33.7716       -0.559668            1.61057
-23.6367      -33.8346       -0.567534            1.61057
-23.5167      -33.8983       -0.575563            1.61057
-23.3967      -33.9628       -0.583762            1.61057
-23.2767      -34.0281       -0.592135            1.61057
-23.1567      -34.0942       -0.600688            1.61057
-23.0367      -34.1611       -0.609425            1.61057
-22.9167      -34.2289       -0.618354            1.61057
-22.7967      -34.2975       -0.627479            1.61057
-22.6767      -34.367       -0.636807            1.61057
-22.5567      -34.4373       -0.646345            1.61057
-22.4367      -34.5086       -0.656098            1.61057
-22.3167      -34.5809       -0.666073            1.61057
-22.1967      -34.6541       -0.676279            1.61057
-22.0767      -34.7283       -0.686722            1.61057
-21.9567      -34.8035       -0.69741            1.61057
-21.8367      -34.8797       -0.708352            1.61057
-21.7167      -34.9569       -0.719555            1.61057
-21.5967      -35.0353       -0.731029            1.61057
-21.4767      -35.1148       -0.742782            1.61057
-21.3567      -35.1953       -0.754825            1.61057
-21.2367      -35.2771       -0.767167            1.61057
-21.1167      -35.36       -0.779819            1.61057
-20.9967      -35.4442       -0.792792            1.61057
-20.8767      -35.5296       -0.806096            1.61057
-20.7567      -35.6163       -0.819745            1.61057
-20.6367      -35.7043       -0.83375            1.61057
-20.5167      -35.7937       -0.848125            1.61057
-20.3967      -35.8845       -0.862883            1.61057
-20.2767      -35.9767       -0.878039            1.61057
-20.1567      -36.0703       -0.893607            1.61057
-20.0367      -36.1654       -0.909603            1.61057
-19.9167      -36.2621       -0.926044            1.61057
-19.7967      -36.3604       -0.942946            1.61057
-19.6767      -36.4603       -0.960329            1.61057
-19.5567      -36.5619       -0.978211            1.61057
-19.4367      -36.6652       -0.996612            1.61057
-19.3167      -36.7702       -1.01555            1.61057
-19.1967      -36.8771       -1.03506            1.61057
-19.0767      -36.9859       -1.05514            1.61057
-18.3767      -37.6609       -1.18536            1.61057
-17.6767      -38.4145       -1.34236            1.61057
-16.9767      -39.2631       -1.53433            1.61057
-16.2767      -40.2278       -1.77289            1.61057
-15.5767      -41.3362       -2.07499            1.61057
-14.8767      -42.6258       -2.46614            1.61057
-14.1767      -44.1477       -2.98617            1.61057
-13.4767      -45.9732       -3.70012            1.61057
-12.7767      -48.203       -4.71967            1.61057
-12.0767      -50.9793       -6.24888            1.61057
-11.3767      -54.4899       -8.68796            1.61057
-10.6767      -58.9064       -12.8832            1.61057
-9.97675      -63.9323       -20.7127            1.61057
-9.27675      -66.3739       -35.7411            1.61057
-8.57675      -53.5473       -56.433            1.61057
-7.87675      -25.0304       -55.5702            1.61057
-7.17675      -15.9645       -37.2466            1.61057
-6.47675      -20.978       -27.1676            1.61057
-5.77675      -28.1851       -26.7683            1.61057
-5.07675      -31.5687       -35.4582            1.61057
-4.37675      -20.0623       -47.4001            1.61057
-3.67675      -0.442834       -40.031            1.61057
-2.97675      3.35185       -24.1707            1.61057
-2.27675      -0.405794       -14.6089            1.61057
-1.57675      -4.78368       -9.63707            1.61057
-0.876747      -8.48569       -6.90307            1.61057
-0.176747      -11.5049       -5.28588            1.61057
0.523253      -14.0085       -4.27658            1.61057
1.22325      -16.1472       -3.63134            1.61057
1.92325      -18.0369       -3.22824            1.61057
2.62325      -19.7679       -3.00911            1.61057
3.32325      -21.4149       -2.95801            1.61057
4.02325      -23.0429       -3.10176            1.61057
4.72325      -24.6938       -3.53432            1.61057
5.42325      -26.288       -4.45257            1.61057
6.12325      -27.3519       -5.90718            1.61057
6.82325      -27.765       -6.96216            1.61057
7.52325      -29.068       -7.86176            1.61057
8.22325      -30.7571       -10.6994            1.61057
8.92325      -29.7479       -16.0207            1.61057
9.62325      -23.5205       -18.5782            1.61057
10.3233      -19.2454       -15.8639            1.61057
11.0233      -17.5998       -12.996            1.61057
11.7233      -17.4619       -10.2861            1.61057
12.4233      -18.2456       -8.93347            1.61057
13.1233      -18.0895       -8.10317            1.61057
13.8233      -18.3511       -6.39115            1.61057
14.5233      -19.4033       -5.35405            1.61057
15.2233      -20.1514       -4.71117            1.61057
15.9233      -21.1191       -3.95407            1.61057
16.6233      -22.4478       -3.64184            1.61057
17.3233      -23.7847       -3.99667            1.61057
18.0233      -24.5784       -5.20532            1.61057
18.7233      -23.6474       -6.3728            1.61057
19.4233      -22.4446       -5.33658            1.61057
20.1233      -23.0137       -3.88412            1.61057
20.8233      -24.2731       -3.26485            1.61057
21.5233      -25.5731       -3.36184            1.61057
22.2233      -26.4925       -4.12985            1.61057
22.9233      -26.2929       -4.8783            1.61057
23.6233      -26.0613       -4.23375            1.61057
24.3233      -27.0223       -3.4547            1.61057
25.0233      -28.4832       -3.24273            1.61057
25.7233      -30.1491       -3.48979            1.61057
26.4233      -32.0466       -4.1853            1.61057
27.1233      -34.2815       -5.52818            1.61057
27.8233      -36.9215       -8.06188            1.61057
28.5233      -39.5755       -13.0419            1.61057
29.2233      -39.382       -22.4474            1.61057
29.9233      -28.3205       -32.0237            1.61057
30.6233      -13.8287       -26.4691            1.61057
31.3233      -11.1532       -16.4759            1.61057
32.0233      -12.7468       -11.1669            1.61057
32.7233      -14.1806       -7.93464            1.61057
33.4233      -16.0229       -5.47513            1.61057
34.1233      -17.9884       -4.01064            1.61057
34.8233      -19.7455       -3.18511            1.61057
35.5233      -21.2924       -2.71457            1.61057
36.2233      -22.6948       -2.46151            1.61057
36.9233      -24.0166       -2.36804            1.61057
37.6233      -25.3108       -2.42574            1.61057
38.3233      -26.6098       -2.67198            1.61057
39.0233      -27.8984       -3.18706            1.61057
39.7233      -29.0292       -4.11612            1.61057
40.4233      -29.4413       -5.2556            1.61057
41.1233      -29.5775       -5.49307            1.61057
41.8233      -30.6765       -5.70218            1.61057
42.5233      -31.8116       -6.81981            1.61057
43.2233      -32.132       -8.14244            1.61057
43.9233      -32.3994       -8.58121            1.61057
44.6233      -33.9722       -9.16445            1.61057
45.3233      -35.9891       -11.6563            1.61057
46.0233      -36.1543       -15.801            1.61057
46.7233      -34.1677       -19.6579            1.61057
47.4233      -29.7196       -22.25            1.61057
48.1233      -25.2021       -20.2692            1.61057
48.8233      -24.7633       -17.2369            1.61057
49.5233      -26.2884       -15.9466            1.61057
50.2233      -28.4362       -16.7159            1.61057
50.9233      -29.4809       -19.4877            1.61057
51.6233      -29.2191       -22.7031            1.61057
52.3233      -27.7504       -27.1162            1.61057
53.0233      -22.045       -32.3251            1.61057
53.7233      -12.0184       -30.9458            1.61057
54.4233      -8.29999       -24.0612            1.61057
55.1233      -8.36923       -20.3652            1.61057
55.8233      -8.0542       -18.6091            1.61057
56.5233      -5.7259       -16.5476            1.61057
57.2233      -5.0611       -11.6241            1.61057
57.9233      -7.26934       -7.96577            1.61057
58.6233      -9.96753       -6.27468            1.61057
59.3233      -12.3691       -5.99194            1.61057
60.0233      -13.8596       -7.01398            1.61057
60.7233      -13.0185       -8.18261            1.61057
61.4233      -11.5786       -6.63226            1.61057
62.1233      -12.2151       -4.49451            1.61057
62.8233      -13.5948       -3.27883            1.61057
63.5233      -14.9804       -2.67568            1.61057
64.2233      -16.2693       -2.41968            1.61057
64.9233      -17.4838       -2.42937            1.61057
65.6233      -18.6117       -2.75594            1.61057
66.3233      -19.4223       -3.48627            1.61057
67.0233      -19.5504       -4.24777            1.61057
67.7233      -19.2737       -4.46727            1.61057
68.4233      -19.2721       -4.1577            1.61057
69.1233      -19.5922       -3.7867            1.61057
69.8233      -20.2756       -3.44678            1.61057
70.5233      -21.3033       -3.46806            1.61057
71.2233      -22.2994       -4.16415            1.61057
71.9233      -22.5405       -5.24549            1.61057
72.6233      -22.3112       -5.80515            1.61057
73.3233      -22.2373       -6.00212            1.61057
74.0233      -22.6109       -6.29109            1.61057
74.7233      -22.798       -7.51107            1.61057
75.4233      -21.2183       -8.42508            1.61057
76.1233      -20.1103       -7.24302            1.61057
76.8233      -20.4316       -6.30173            1.61057
77.5233      -21.011       -5.85235            1.61057
78.2233      -21.7309       -5.7625            1.61057
78.9233      -22.5671       -6.03085            1.61057
79.6233      -23.1166       -7.16256            1.61057
80.3233      -22.1431       -8.14465            1.61057
81.0233      -21.2918       -7.33636            1.61057
81.7233      -21.9945       -6.50017            1.61057
82.4233      -23.0106       -6.68953            1.61057
83.1233      -23.7977       -7.27067            1.61057
83.8233      -24.2686       -8.53054            1.61057
84.5233      -23.4859       -9.33805            1.61057
85.2233      -23.4744       -8.82392            1.61057
85.9233      -25.0126       -8.79456            1.61057
86.6233      -27.2544       -10.7652            1.61057
87.3233      -28.2337       -15.2951            1.61057
88.0233      -25.1152       -21.306            1.61057
88.7233      -17.8322       -23.1209            1.61057
89.4233      -11.6438       -21.1243            1.61057
90.1233      -7.48628       -15.4951            1.61057
90.8233      -8.24841       -10.0566            1.61057
91.5233      -10.638       -7.49922            1.61057
92.2233      -12.5733       -7.10688            1.61057
92.9233      -12.7411       -7.56827            1.61057
93.6233      -12.0139       -6.61318            1.61057
94.3233      -12.2205       -5.07793            1.61057
95.0233      -13.0209       -3.74599            1.61057
95.7233      -14.2023       -2.87603            1.61057
96.4233      -15.421       -2.48768            1.61057
97.1233      -16.5621       -2.47804            1.61057
97.8233      -17.5197       -2.89036            1.61057
98.5233      -17.8253       -3.65998            1.61057
99.2233      -17.3729       -3.7012            1.61057
99.9233      -17.614       -3.04151            1.61057
100.623      -18.3313       -2.77294            1.61057
101.323      -19.0195       -2.74288            1.61057
102.023      -19.767       -2.84935            1.61057
102.723      -20.5641       -3.19391            1.61057
103.423      -21.2298       -3.85177            1.61057
104.123      -21.697       -4.70957            1.61057
104.823      -21.6959       -5.83641            1.61057
105.523      -21.0793       -6.46821            1.61057
106.223      -20.9079       -6.56394            1.61057
106.923      -20.9972       -7.18358            1.61057
107.623      -20.358       -7.97562            1.61057
108.323      -19.4647       -7.86643            1.61057
109.023      -19.3836       -7.44196            1.61057
109.723      -19.8141       -7.605            1.61057
110.423      -19.9807       -8.49838            1.61057
111.123      -19.4032       -9.83058            1.61057
111.823      -17.318       -10.6811            1.61057
112.523      -15.4032       -9.51269            1.61057
113.223      -14.8845       -8.1662            1.61057
113.923      -14.7181       -7.01369            1.61057
114.623      -15.1905       -6.08131            1.61057
115.323      -15.7944       -5.90463            1.61057
116.023      -15.8926       -6.08335            1.61057
116.723      -15.8053       -6.25844            1.61057
117.423      -14.9203       -6.4305            1.61057
118.123      -14.1233       -5.2864            1.61057
118.823      -14.3113       -4.19312            1.61057
119.523      -14.7394       -3.2961            1.61057
120.223      -15.5629       -2.67366            1.61057
120.923      -16.491       -2.53387            1.61057
121.623      -17.3009       -2.85627            1.61057
122.323      -17.6754       -3.52759            1.61057
123.023      -17.6667       -4.12924            1.61057
123.723      -17.1457       -4.90482            1.61057
124.423      -15.8877       -4.5822            1.61057
125.123      -15.8317       -3.48301            1.61057
125.823      -16.4472       -3.19335            1.61057
126.523      -16.5241       -3.66067            1.61057
127.223      -15.6477       -3.54025            1.61057
127.923      -15.3883       -2.46411            1.61057
128.623      -15.8502       -1.65759            1.61057
129.323      -16.4356       -1.23347            1.61057
130.023      -16.9847       -1.01523            1.61057
130.723      -17.4896       -0.908296            1.61057
131.423      -17.9683       -0.875597            1.61057
132.123      -18.4404       -0.912077            1.61057
132.823      -18.9191       -1.0421            1.61057
133.523      -19.3836       -1.33267            1.61057
134.223      -19.6779       -1.85629            1.61057
134.923      -19.5315       -2.38441            1.61057
135.623      -19.2143       -2.51996            1.61057
136.323      -18.9408       -2.38966            1.61057
137.023      -18.9656       -1.99192            1.61057
137.723      -19.3481       -1.70843            1.61057
138.423      -19.8799       -1.70953            1.61057
139.123      -20.3308       -1.98514            1.61057
139.823      -20.5876       -2.35886            1.61057
140.523      -20.6919       -2.6966            1.61057
141.223      -20.8305       -2.9117            1.61057
141.923      -21.0353       -3.2272            1.61057
142.623      -21.3148       -3.61161            1.61057
143.323      -21.5704       -4.42901            1.61057
144.023      -21.0978       -5.42087            1.61057
144.723      -20.4642       -5.75969            1.61057
145.423      -19.9465       -6.07572            1.61057
146.123      -19.691       -6.29174            1.61057
146.823      -19.1272       -7.35267            1.61057
147.523      -17.1066       -7.77385            1.61057
148.223      -15.261       -6.49681            1.61057
148.923      -14.9251       -4.58667            1.61057
149.623      -15.5016       -3.43247            1.61057
150.323      -16.0947       -2.87884            1.61057
151.023      -16.7104       -2.65717            1.61057
151.723      -17.0473       -2.9275            1.61057
152.423      -16.7096       -2.97845            1.61057
153.123      -16.7112       -2.46217            1.61057
153.823      -17.1012       -2.35315            1.61057
154.523      -17.0233       -2.65808            1.61057
155.223      -16.4469       -2.33523            1.61057
155.923      -16.4742       -1.56832            1.61057
156.623      -16.8641       -1.07931            1.61057
157.323      -17.2813       -0.820318            1.61057
158.023      -17.6606       -0.678628            1.61057
158.723      -18.0038       -0.59931            1.61057
159.423      -18.3214       -0.558288            1.61057
160.123      -18.6219       -0.543145            1.61057
160.823      -18.9178       -0.544721            1.61057
161.523      -19.2242       -0.567624            1.61057
162.223      -19.5494       -0.621273            1.61057
162.923      -19.9037       -0.719989            1.61057
163.623      -20.2972       -0.895465            1.61057
164.323      -20.7178       -1.21364            1.61057
165.023      -21.0501       -1.74835            1.61057
165.723      -21.1375       -2.36452            1.61057
166.423      -21.0882       -2.96078            1.61057
167.123      -20.8656       -3.61196            1.61057
167.823      -20.2669       -4.11579            1.61057
168.523      -19.7839       -4.12176            1.61057
169.223      -19.6645       -4.43437            1.61057
169.923      -18.8792       -5.06557            1.61057
170.623      -17.6086       -4.84054            1.61057
171.323      -16.8594       -3.96204            1.61057
172.023      -16.7372       -3.00877            1.61057
172.723      -17       -2.3969            1.61057
173.423      -17.2099       -2.0553            1.61057
174.123      -17.4279       -1.69089            1.61057
174.823      -17.8036       -1.45415            1.61057
175.523      -18.1402       -1.40441            1.61057
176.223      -18.4782       -1.39299            1.61057
176.923      -18.907       -1.59198            1.61057
177.623      -19.1768       -2.22122            1.61057
178.323      -18.6372       -3.04726            1.61057
179.023      -17.5842       -2.88174            1.61057
179.723      -17.2187       -2.16638            1.61057
180.423      -17.3484       -1.63136            1.61057
181.123      -17.549       -1.46724            1.61057
181.823      -17.4685       -1.36192            1.61057
182.523      -17.4482       -0.987046            1.61057
183.223      -17.6552       -0.674402            1.61057
183.923      -17.901       -0.498557            1.61057
184.623      -18.1246       -0.399075            1.61057
185.323      -18.3225       -0.33924            1.61057
186.023      -18.5005       -0.302012            1.61057
186.723      -18.6649       -0.279424            1.61057
187.423      -18.8208       -0.267835            1.61057
188.123      -18.9729       -0.266081            1.61057
188.823      -19.1258       -0.27498            1.61057
189.523      -19.2846       -0.297754            1.61057
190.223      -19.4552       -0.341699            1.61057
190.923      -19.6444       -0.422516            1.61057
191.623      -19.8555       -0.575043            1.61057
192.323      -20.0601       -0.875867            1.61057
193.023      -20.0703       -1.42813            1.61057
193.723      -19.4631       -1.90241            1.61057
194.423      -18.8061       -1.58302            1.61057
195.123      -18.6881       -1.10442            1.61057
195.823      -18.8209       -0.782644            1.61057
196.523      -19.0251       -0.655122            1.61057
197.223      -19.1496       -0.667771            1.61057
197.923      -19.1513       -0.630316            1.61057
198.623      -19.237       -0.50446            1.61057
199.323      -19.4101       -0.444139            1.61057
200.023      -19.6031       -0.471175            1.61057
200.723      -19.7844       -0.601635            1.61057
201.423      -19.8603       -0.872605            1.61057
202.123      -19.6266       -1.11342            1.61057
202.823      -19.3772       -0.963678            1.61057
203.523      -19.4457       -0.774163            1.61057
204.223      -19.6228       -0.790389            1.61057
204.923      -19.6889       -1.01085            1.61057
205.623      -19.471       -1.24525            1.61057
206.323      -19.0569       -1.16566            1.61057
207.023      -18.9185       -0.785774            1.61057
207.723      -19.0327       -0.523725            1.61057
208.423      -19.1766       -0.396942            1.61057
209.123      -19.3087       -0.325543            1.61057
209.823      -19.4431       -0.29748            1.61057
210.523      -19.571       -0.323005            1.61057
211.223      -19.6619       -0.421642            1.61057
211.923      -19.6103       -0.565535            1.61057
212.623      -19.4391       -0.525613            1.61057
213.323      -19.4253       -0.365323            1.61057
214.023      -19.5056       -0.27742            1.61057
214.723      -19.579       -0.261101            1.61057
215.423      -19.5942       -0.260603            1.61057
216.123      -19.6019       -0.205627            1.61057
216.823      -19.652       -0.149273            1.61057
217.523      -19.7125       -0.116104            1.61057
218.223      -19.7693       -0.0967547            1.61057
218.923      -19.8208       -0.0844287            1.61057
219.623      -19.8679       -0.0759092            1.61057
220.323      -19.9115       -0.0696423            1.61057
221.023      -19.9522       -0.0648161            1.61057
221.723      -19.9906       -0.0609717            1.61057
222.423      -20.0272       -0.0578324            1.61057
223.123      -20.0621       -0.0552223            1.61057
223.823      -20.0956       -0.0530251            1.61057
224.523      -20.1281       -0.0511615            1.61057
225.223      -20.1595       -0.0495768            1.61057
225.923      -20.1901       -0.0482331            1.61057
226.623      -20.2199       -0.0471054            1.61057
227.323      -20.2492       -0.0461784            1.61057
228.023      -20.278       -0.0454456            1.61057
228.723      -20.3064       -0.0449089            1.61057
229.423      -20.3345       -0.0445788            1.61057
230.123      -20.3625       -0.0444764            1.61057
230.823      -20.3904       -0.0446361            1.61057
231.523      -20.4185       -0.0451105            1.61057
232.223      -20.4469       -0.0459786            1.61057
232.923      -20.4759       -0.0473589            1.61057
233.623      -20.5057       -0.0494324            1.61057
234.323      -20.5368       -0.0524827            1.61057
235.023      -20.5696       -0.0569704            1.61057
235.723      -20.605       -0.0636775            1.61057
236.423      -20.6441       -0.0740062            1.61057
237.123      -20.6883       -0.0906402            1.61057
237.823      -20.7394       -0.119106            1.61057
238.523      -20.7974       -0.171567            1.61057
239.223      -20.8498       -0.274257            1.61057
239.923      -20.8239       -0.454893            1.61057
240.623      -20.5945       -0.567957            1.61057
241.323      -20.4101       -0.418498            1.61057
242.023      -20.4168       -0.267023            1.61057
242.723      -20.4721       -0.202468            1.61057
243.423      -20.5035       -0.190488            1.61057
244.123      -20.498       -0.16529            1.61057
244.823      -20.5149       -0.116543            1.61057
245.523      -20.5508       -0.0833683            1.61057
246.223      -20.587       -0.0646445            1.61057
246.923      -20.6194       -0.053459            1.61057
247.623      -20.6485       -0.0462076            1.61057
248.323      -20.6747       -0.0411758            1.61057
249.023      -20.6989       -0.0374944            1.61057
249.723      -20.7214       -0.0346873            1.61057
250.423      -20.7426       -0.032475            1.61057
251.123      -20.7627       -0.0306836            1.61057
251.823      -20.7819       -0.0292            1.61057
252.523      -20.8003       -0.0279477            1.61057
253.223      -20.8181       -0.0268731            1.61057
253.923      -20.8353       -0.0259379            1.61057
254.623      -20.852       -0.025114            1.61057
255.323      -20.8682       -0.0243801            1.61057
256.023      -20.8841       -0.0237201            1.61057
256.723      -20.8996       -0.0231216            1.61057
257.423      -20.9147       -0.0225747            1.61057
258.123      -20.9295       -0.0220716            1.61057
258.823      -20.9441       -0.021606            1.61057
259.523      -20.9583       -0.0211728            1.61057
260.223      -20.9724       -0.0207679            1.61057
260.923      -20.9862       -0.0203876            1.61057
261.623      -20.9997       -0.0200293            1.61057
262.323      -21.0131       -0.0196903            1.61057
263.023      -21.0263       -0.0193686            1.61057
263.723      -21.0392       -0.0190624            1.61057
264.423      -21.052       -0.0187704            1.61057
265.123      -21.0647       -0.018491            1.61057
265.823      -21.0771       -0.0182232            1.61057
