#
#
#   Lonertzian-smoothed self-energy (both particle and hole)
#
#   k = 0.805283 fm^-1 (group = 1)     and E_F = -42.5769 MeV
#
#   Sigma^{infty} = -83.3033 MeV
#
#
#    E               Re \Sig(k,E)       Im \Sig(k,E)             k 

-253.243      -89.5172       0.0453659            0.805283
-252.543      -89.5512       0.04619            0.805283
-251.843      -89.5857       0.0470445            0.805283
-251.143      -89.6208       0.0479313            0.805283
-250.443      -89.6564       0.0488529            0.805283
-249.743      -89.6926       0.0498116            0.805283
-249.043      -89.7294       0.0508105            0.805283
-248.343      -89.7669       0.0518526            0.805283
-247.643      -89.805       0.0529416            0.805283
-246.943      -89.8438       0.0540816            0.805283
-246.243      -89.8833       0.0552772            0.805283
-245.543      -89.9236       0.0565337            0.805283
-244.843      -89.9646       0.0578571            0.805283
-244.143      -90.0065       0.0592545            0.805283
-243.443      -90.0493       0.060734            0.805283
-242.743      -90.0929       0.0623052            0.805283
-242.043      -90.1376       0.0639793            0.805283
-241.343      -90.1833       0.0657695            0.805283
-240.643      -90.2301       0.0676919            0.805283
-239.943      -90.2781       0.0697656            0.805283
-239.243      -90.3275       0.0720141            0.805283
-238.543      -90.3781       0.0744663            0.805283
-237.843      -90.4304       0.077158            0.805283
-237.143      -90.4842       0.0801345            0.805283
-236.443      -90.54       0.0834535            0.805283
-235.743      -90.5977       0.0871901            0.805283
-235.043      -90.6578       0.0914427            0.805283
-234.343      -90.7205       0.096344            0.805283
-233.643      -90.7862       0.102075            0.805283
-232.943      -90.8554       0.10889            0.805283
-232.243      -90.9288       0.117155            0.805283
-231.543      -91.0072       0.127411            0.805283
-230.843      -91.0917       0.140489            0.805283
-230.143      -91.1841       0.157717            0.805283
-229.443      -91.2864       0.181317            0.805283
-228.743      -91.4019       0.215221            0.805283
-228.043      -91.535       0.266856            0.805283
-227.343      -91.6911       0.351316            0.805283
-226.643      -91.8724       0.501532            0.805283
-225.943      -92.0521       0.790023            0.805283
-225.243      -92.0539       1.31983            0.805283
-224.543      -91.4453       1.79131            0.805283
-223.843      -90.7579       1.41963            0.805283
-223.143      -90.7152       0.875288            0.805283
-222.443      -90.9079       0.577685            0.805283
-221.743      -91.1216       0.437021            0.805283
-221.043      -91.319       0.378048            0.805283
-220.343      -91.4919       0.368754            0.805283
-219.643      -91.6319       0.373663            0.805283
-218.943      -91.78       0.365735            0.805283
-218.243      -91.9536       0.380621            0.805283
-217.543      -92.1357       0.420288            0.805283
-216.843      -92.348       0.483866            0.805283
-216.143      -92.6041       0.612619            0.805283
-215.443      -92.8973       0.868903            0.805283
-214.743      -93.1642       1.38203            0.805283
-214.043      -93.0438       2.29966            0.805283
-213.343      -91.8665       2.91274            0.805283
-212.643      -90.8513       2.13756            0.805283
-211.943      -90.8448       1.28187            0.805283
-211.243      -91.1324       0.823907            0.805283
-210.543      -91.427       0.592777            0.805283
-209.843      -91.6865       0.467842            0.805283
-209.143      -91.9181       0.396679            0.805283
-208.443      -92.1308       0.357668            0.805283
-207.743      -92.3321       0.340343            0.805283
-207.043      -92.5284       0.341431            0.805283
-206.343      -92.7247       0.364448            0.805283
-205.643      -92.9204       0.423343            0.805283
-204.943      -93.0875       0.546338            0.805283
-204.243      -93.117       0.708723            0.805283
-203.543      -93.0329       0.677073            0.805283
-202.843      -93.1176       0.516913            0.805283
-202.143      -93.3079       0.419214            0.805283
-201.443      -93.5173       0.375498            0.805283
-200.743      -93.7283       0.359171            0.805283
-200.043      -93.9408       0.357362            0.805283
-199.343      -94.1577       0.364473            0.805283
-198.643      -94.3819       0.378087            0.805283
-197.943      -94.616       0.39727            0.805283
-197.243      -94.8628       0.421897            0.805283
-196.543      -95.1254       0.452386            0.805283
-195.843      -95.4072       0.489629            0.805283
-195.143      -95.712       0.535034            0.805283
-194.443      -96.0448       0.59067            0.805283
-193.743      -96.4117       0.659535            0.805283
-193.043      -96.8205       0.746023            0.805283
-192.343      -97.2817       0.856728            0.805283
-191.643      -97.8091       1.00189            0.805283
-190.943      -98.4217       1.19809            0.805283
-190.243      -99.1452       1.47354            0.805283
-189.543      -100.012       1.87668            0.805283
-188.843      -101.067       2.48705            0.805283
-188.143      -102.383       3.48105            0.805283
-187.443      -103.955       5.27646            0.805283
-186.743      -105.28       8.68734            0.805283
-186.043      -103.991       14.0395            0.805283
-185.343      -98.5273       16.7188            0.805283
-184.643      -94.521       15.9531            0.805283
-183.943      -90.9937       14.1298            0.805283
-183.243      -89.68       10.7547            0.805283
-182.543      -90.6081       8.23676            0.805283
-181.843      -92.4754       7.7144            0.805283
-181.143      -93.3214       9.41194            0.805283
-180.443      -90.8302       11.0237            0.805283
-179.743      -88.1032       8.66006            0.805283
-179.043      -88.5351       5.77776            0.805283
-178.343      -90.0726       4.40016            0.805283
-177.643      -91.5935       4.17832            0.805283
-176.943      -92.5579       4.82825            0.805283
-176.243      -92.3865       5.58593            0.805283
-175.543      -91.8692       5.35809            0.805283
-174.843      -91.8345       4.85963            0.805283
-174.143      -92.0416       4.34143            0.805283
-173.443      -92.342       3.8357            0.805283
-172.743      -93.0583       3.24006            0.805283
-172.043      -94.1407       3.12493            0.805283
-171.343      -95.1033       3.62338            0.805283
-170.643      -95.325       4.37147            0.805283
-169.943      -95.3246       4.22441            0.805283
-169.243      -96.3109       3.99754            0.805283
-168.543      -97.7715       4.59248            0.805283
-167.843      -99.2361       6.32996            0.805283
-167.143      -99.4937       9.85918            0.805283
-166.443      -95.5665       13.059            0.805283
-165.743      -91.2248       10.6094            0.805283
-165.043      -91.3242       7.24242            0.805283
-164.343      -93.0149       5.85928            0.805283
-163.643      -94.7532       6.09138            0.805283
-162.943      -95.4282       7.72725            0.805283
-162.243      -93.8902       8.6385            0.805283
-161.543      -93.2966       7.36042            0.805283
-160.843      -94.2544       7.06664            0.805283
-160.143      -94.2486       7.91223            0.805283
-159.443      -93.5351       7.50059            0.805283
-158.743      -94.1167       6.96309            0.805283
-158.043      -94.4457       7.47202            0.805283
-157.343      -94.0799       7.32989            0.805283
-156.643      -94.5112       6.85834            0.805283
-155.943      -95.3634       6.90663            0.805283
-155.243      -96.3534       7.67377            0.805283
-154.543      -96.382       9.65781            0.805283
-153.843      -94.3093       10.3569            0.805283
-153.143      -93.7726       9.27321            0.805283
-152.443      -94.0333       9.52062            0.805283
-151.743      -92.769       10.1739            0.805283
-151.043      -91.0346       8.42973            0.805283
-150.343      -91.7651       6.03759            0.805283
-149.643      -93.59       4.92783            0.805283
-148.943      -95.5446       4.79425            0.805283
-148.243      -97.5664       5.46615            0.805283
-147.543      -99.4345       7.31889            0.805283
-146.843      -100.166       10.7648            0.805283
-146.143      -97.1261       14.7146            0.805283
-145.443      -91.9074       13.1687            0.805283
-144.743      -91.485       9.0852            0.805283
-144.043      -93.5652       7.03499            0.805283
-143.343      -96.1448       6.75463            0.805283
-142.643      -98.7851       8.14263            0.805283
-141.943      -100.576       11.9208            0.805283
-141.243      -97.9642       17.6983            0.805283
-140.543      -90.2808       17.6689            0.805283
-139.843      -87.8565       12.2018            0.805283
-139.143      -89.4437       9.13901            0.805283
-138.443      -90.7213       8.67723            0.805283
-137.743      -90.2577       7.96817            0.805283
-137.043      -90.716       5.86711            0.805283
-136.343      -92.3799       4.40392            0.805283
-135.643      -94.2543       3.71652            0.805283
-134.943      -96.1149       3.48969            0.805283
-134.243      -97.9966       3.58259            0.805283
-133.543      -99.9842       3.99263            0.805283
-132.843      -102.17       4.84771            0.805283
-132.143      -104.596       6.49354            0.805283
-131.443      -106.937       9.68521            0.805283
-130.743      -107.323       15.2198            0.805283
-130.043      -102.118       20.0748            0.805283
-129.343      -96.0971       17.1354            0.805283
-128.643      -96.6976       12.4979            0.805283
-127.943      -100.131       11.1149            0.805283
-127.243      -103.761       12.9889            0.805283
-126.543      -105.089       18.3161            0.805283
-125.843      -100.135       22.9217            0.805283
-125.143      -95.1011       20.8831            0.805283
-124.443      -93.2329       17.7206            0.805283
-123.743      -93.8353       13.7658            0.805283
-123.043      -97.0561       11.6783            0.805283
-122.343      -100.376       12.0725            0.805283
-121.643      -102.541       13.3336            0.805283
-120.943      -105.021       14.646            0.805283
-120.243      -107.904       17.5385            0.805283
-119.543      -109.978       22.8174            0.805283
-118.843      -108.159       30.9795            0.805283
-118.143      -98.619       34.6074            0.805283
-117.443      -93.6857       29.3937            0.805283
-116.743      -94.5771       26.8953            0.805283
-116.043      -94.8758       26.6595            0.805283
-115.343      -95.5939       27.8312            0.805283
-114.643      -92.2784       30.2739            0.805283
-113.943      -88.0993       26.5717            0.805283
-113.243      -89.2669       22.1808            0.805283
-112.543      -91.7648       19.2998            0.805283
-112.423      -92.4058       18.8131            0.805283
-112.303      -93.1411       18.3662            0.805283
-112.183      -93.9669       17.9792            0.805283
-112.063      -94.8741       17.6687            0.805283
-111.943      -95.851       17.4463            0.805283
-111.823      -96.8854       17.3202            0.805283
-111.703      -97.9659       17.2952            0.805283
-111.583      -99.082       17.3744            0.805283
-111.463      -100.225       17.5597            0.805283
-111.343      -101.386       17.8524            0.805283
-111.223      -102.558       18.2539            0.805283
-111.103      -103.736       18.7656            0.805283
-110.983      -104.913       19.3893            0.805283
-110.863      -106.085       20.1279            0.805283
-110.743      -107.246       20.9855            0.805283
-110.623      -108.392       21.9688            0.805283
-110.503      -109.515       23.0873            0.805283
-110.383      -110.607       24.3538            0.805283
-110.263      -111.652       25.7833            0.805283
-110.143      -112.627       27.3922            0.805283
-110.023      -113.498       29.1952            0.805283
-109.903      -114.222       31.2012            0.805283
-109.783      -114.742       33.4085            0.805283
-109.663      -114.992       35.7977            0.805283
-109.543      -114.903       38.3249            0.805283
-109.423      -114.408       40.915            0.805283
-109.303      -113.461       43.4594            0.805283
-109.183      -112.054       45.8204            0.805283
-109.063      -110.232       47.8472            0.805283
-108.943      -108.106       49.403            0.805283
-108.823      -105.844       50.397            0.805283
-108.703      -103.644       50.8101            0.805283
-108.583      -101.699       50.7034            0.805283
-108.463      -100.161       50.2047            0.805283
-108.343      -99.1183       49.48            0.805283
-108.223      -98.597       48.7021            0.805283
-108.103      -98.5686       48.0275            0.805283
-107.983      -98.9694       47.5839            0.805283
-107.863      -99.7165       47.4683            0.805283
-107.743      -100.719       47.7514            0.805283
-107.623      -101.883       48.4832            0.805283
-107.503      -103.116       49.6991            0.805283
-107.383      -104.322       51.4236            0.805283
-107.263      -105.402       53.6714            0.805283
-107.143      -106.248       56.4464            0.805283
-107.023      -106.746       59.738            0.805283
-106.903      -106.769       63.5161            0.805283
-106.783      -106.184       67.7247            0.805283
-106.663      -104.853       72.2755            0.805283
-106.543      -102.642       77.0404            0.805283
-106.423      -99.4285       81.8437            0.805283
-106.303      -95.1197       86.4548            0.805283
-106.183      -89.6789       90.5861            0.805283
-106.063      -83.1609       93.9054            0.805283
-105.943      -75.7449       96.0741            0.805283
-105.823      -67.7474       96.8077            0.805283
-105.703      -59.5954       95.9465            0.805283
-105.583      -51.7591       93.5029            0.805283
-105.463      -44.6651       89.6656            0.805283
-105.343      -38.6232       84.7537            0.805283
-105.223      -33.7925       79.1446            0.805283
-105.103      -30.1893       73.2032            0.805283
-104.983      -27.7239       67.2345            0.805283
-104.863      -26.2444       61.4628            0.805283
-104.743      -25.5761       56.0334            0.805283
-104.623      -25.5475       51.0262            0.805283
-104.503      -26.0058       46.4725            0.805283
-104.383      -26.8224       42.3708            0.805283
-104.263      -27.8939       38.6998            0.805283
-104.143      -29.1394       35.4276            0.805283
-104.023      -30.497       32.5176            0.805283
-103.903      -31.9205       29.9326            0.805283
-103.783      -33.3757       27.637            0.805283
-103.663      -34.8378       25.598            0.805283
-103.543      -36.2891       23.786            0.805283
-103.423      -37.7172       22.175            0.805283
-103.303      -39.1136       20.7422            0.805283
-103.183      -40.4727       19.4679            0.805283
-103.063      -41.791       18.3351            0.805283
-102.943      -43.0663       17.3295            0.805283
-102.823      -44.2973       16.4387            0.805283
-102.703      -45.4834       15.6527            0.805283
-102.583      -46.6239       14.9629            0.805283
-102.463      -47.7181       14.3622            0.805283
-102.343      -48.7649       13.8446            0.805283
-102.223      -49.7625       13.4054            0.805283
-102.103      -50.708       13.04            0.805283
-101.983      -51.5976       12.744            0.805283
-101.863      -52.426       12.5127            0.805283
-101.743      -53.1867       12.3397            0.805283
-101.623      -53.8725       12.2166            0.805283
-101.503      -54.4761       12.1316            0.805283
-101.383      -54.9922       12.0694            0.805283
-101.263      -55.4191       12.0109            0.805283
-101.143      -55.761       11.935            0.805283
-101.023      -56.0301       11.8213            0.805283
-100.903      -56.2456       11.6542            0.805283
-100.783      -56.4316       11.426            0.805283
-100.663      -56.6126       11.139            0.805283
-100.543      -56.8087       10.8044            0.805283
-100.423      -57.0325       10.4384            0.805283
-100.303      -57.288       10.0588            0.805283
-100.183      -57.5723       9.6803            0.805283
-100.063      -57.8779       9.31322            0.805283
-99.9434      -58.1953       8.96215            0.805283
-99.8234      -58.5163       8.62672            0.805283
-99.7034      -58.835       8.30299            0.805283
-99.5834      -59.1496       7.98549            0.805283
-99.4634      -59.4616       7.66924            0.805283
-99.3434      -59.7751       7.35145            0.805283
-99.2234      -60.095       7.03221            0.805283
-99.1034      -60.4253       6.71416            0.805283
-98.9834      -60.7681       6.40145            0.805283
-98.8634      -61.1235       6.09853            0.805283
-98.7434      -61.4899       5.8092            0.805283
-98.6234      -61.8647       5.53612            0.805283
-98.5034      -62.2447       5.28074            0.805283
-98.3834      -62.627       5.04347            0.805283
-98.2634      -63.009       4.82395            0.805283
-98.1434      -63.3887       4.62132            0.805283
-98.0234      -63.7643       4.43443            0.805283
-97.9034      -64.1345       4.26201            0.805283
-97.7834      -64.4987       4.10278            0.805283
-97.6634      -64.8561       3.95549            0.805283
-97.5434      -65.2064       3.81899            0.805283
-97.4234      -65.5495       3.69222            0.805283
-97.3034      -65.8853       3.57424            0.805283
-97.1834      -66.2139       3.4642            0.805283
-97.0634      -66.5353       3.36134            0.805283
-96.9434      -66.8498       3.265            0.805283
-96.8234      -67.1575       3.17458            0.805283
-96.7034      -67.4586       3.08955            0.805283
-96.5834      -67.7533       3.00947            0.805283
-96.4634      -68.0419       2.9339            0.805283
-96.3434      -68.3246       2.86249            0.805283
-96.2234      -68.6016       2.7949            0.805283
-96.1034      -68.8732       2.73085            0.805283
-95.9834      -69.1394       2.67008            0.805283
-95.8634      -69.4007       2.61235            0.805283
-95.7434      -69.6571       2.55745            0.805283
-95.6234      -69.9088       2.50518            0.805283
-95.5034      -70.1561       2.45539            0.805283
-95.3834      -70.3991       2.40791            0.805283
-95.2634      -70.638       2.36259            0.805283
-95.1434      -70.8729       2.31932            0.805283
-95.0234      -71.104       2.27797            0.805283
-94.9034      -71.3314       2.23843            0.805283
-94.7834      -71.5554       2.20061            0.805283
-94.6634      -71.776       2.16442            0.805283
-94.5434      -71.9933       2.12977            0.805283
-94.4234      -72.2075       2.09659            0.805283
-94.3034      -72.4188       2.0648            0.805283
-94.1834      -72.6272       2.03434            0.805283
-94.0634      -72.8328       2.00516            0.805283
-93.9434      -73.0357       1.97719            0.805283
-93.8234      -73.2362       1.95038            0.805283
-93.7034      -73.4341       1.92469            0.805283
-93.5834      -73.6298       1.90007            0.805283
-93.4634      -73.8232       1.87649            0.805283
-93.3434      -74.0144       1.8539            0.805283
-93.2234      -74.2035       1.83226            0.805283
-93.1034      -74.3907       1.81156            0.805283
-92.9834      -74.5759       1.79175            0.805283
-92.8634      -74.7594       1.7728            0.805283
-92.7434      -74.941       1.7547            0.805283
-92.6234      -75.1211       1.73742            0.805283
-92.5034      -75.2995       1.72094            0.805283
-92.3834      -75.4764       1.70523            0.805283
-92.2634      -75.6518       1.69029            0.805283
-92.1434      -75.8259       1.67608            0.805283
-92.0234      -75.9986       1.6626            0.805283
-91.9034      -76.1701       1.64984            0.805283
-91.7834      -76.3404       1.63778            0.805283
-91.6634      -76.5096       1.62641            0.805283
-91.5434      -76.6778       1.61572            0.805283
-91.4234      -76.8449       1.60571            0.805283
-91.3034      -77.0112       1.59637            0.805283
-91.1834      -77.1765       1.5877            0.805283
-91.0634      -77.3411       1.57968            0.805283
-90.9434      -77.5049       1.57232            0.805283
-90.8234      -77.668       1.56563            0.805283
-90.7034      -77.8305       1.55959            0.805283
-90.5834      -77.9925       1.55422            0.805283
-90.4634      -78.1539       1.54952            0.805283
-90.3434      -78.3149       1.54549            0.805283
-90.2234      -78.4756       1.54214            0.805283
-90.1034      -78.6359       1.53949            0.805283
-89.9834      -78.7959       1.53754            0.805283
-89.8634      -78.9558       1.53632            0.805283
-89.7434      -79.1155       1.53583            0.805283
-89.6234      -79.2751       1.5361            0.805283
-89.5034      -79.4348       1.53715            0.805283
-89.3834      -79.5944       1.53901            0.805283
-89.2634      -79.7543       1.5417            0.805283
-89.1434      -79.9143       1.54527            0.805283
-89.0234      -80.0746       1.54976            0.805283
-88.9034      -80.2352       1.55519            0.805283
-88.7834      -80.3962       1.56163            0.805283
-88.6634      -80.5577       1.56914            0.805283
-88.5434      -80.7197       1.57777            0.805283
-88.4234      -80.8823       1.5876            0.805283
-88.3034      -81.0456       1.59871            0.805283
-88.1834      -81.2097       1.6112            0.805283
-88.0634      -81.3745       1.62516            0.805283
-87.9434      -81.5402       1.64071            0.805283
-87.8234      -81.7068       1.65799            0.805283
-87.7034      -81.8744       1.67713            0.805283
-87.5834      -82.0429       1.6983            0.805283
-87.4634      -82.2123       1.72166            0.805283
-87.3434      -82.3827       1.74739            0.805283
-87.2234      -82.5539       1.77566            0.805283
-87.1034      -82.7257       1.80663            0.805283
-86.9834      -82.8982       1.84042            0.805283
-86.8634      -83.071       1.8771            0.805283
-86.7434      -83.2439       1.91667            0.805283
-86.6234      -83.4168       1.95899            0.805283
-86.5034      -83.5895       2.00385            0.805283
-86.3834      -83.7622       2.05095            0.805283
-86.2634      -83.9351       2.09999            0.805283
-86.1434      -84.1087       2.15083            0.805283
-86.0234      -84.2837       2.20359            0.805283
-85.9034      -84.4608       2.25877            0.805283
-85.7834      -84.6407       2.31729            0.805283
-85.6634      -84.8236       2.38039            0.805283
-85.5434      -85.0092       2.44947            0.805283
-85.4234      -85.1971       2.52599            0.805283
-85.3034      -85.3859       2.6113            0.805283
-85.1834      -85.574       2.70654            0.805283
-85.0634      -85.7594       2.81252            0.805283
-84.9434      -85.9394       2.92958            0.805283
-84.8234      -86.1111       3.05735            0.805283
-84.7034      -86.2711       3.19453            0.805283
-84.5834      -86.416       3.3385            0.805283
-84.4634      -86.5428       3.48514            0.805283
-84.3434      -86.6497       3.62867            0.805283
-84.2234      -86.737       3.7621            0.805283
-84.1034      -86.8079       3.87802            0.805283
-83.9834      -86.8687       3.97005            0.805283
-83.8634      -86.9281       4.0344            0.805283
-83.7434      -86.9961       4.07088            0.805283
-83.6234      -87.0823       4.08313            0.805283
-83.5034      -87.1935       4.07769            0.805283
-83.3834      -87.3341       4.06254            0.805283
-83.2634      -87.505       4.04568            0.805283
-83.1434      -87.7052       4.03403            0.805283
-83.0234      -87.9324       4.03305            0.805283
-82.9034      -88.1834       4.04669            0.805283
-82.7834      -88.4554       4.07768            0.805283
-82.6634      -88.7458       4.12787            0.805283
-82.5434      -89.0524       4.19857            0.805283
-82.4234      -89.3735       4.29086            0.805283
-82.3034      -89.708       4.40575            0.805283
-82.1834      -90.055       4.54441            0.805283
-82.0634      -90.4137       4.70822            0.805283
-81.9434      -90.7839       4.89891            0.805283
-81.8234      -91.165       5.11862            0.805283
-81.7034      -91.5567       5.36996            0.805283
-81.5834      -91.9585       5.6561            0.805283
-81.4634      -92.3695       5.98079            0.805283
-81.3434      -92.7885       6.34851            0.805283
-81.2234      -93.2137       6.76448            0.805283
-81.1034      -93.6425       7.23474            0.805283
-80.9834      -94.0711       7.76621            0.805283
-80.8634      -94.4942       8.3667            0.805283
-80.7434      -94.9044       9.04483            0.805283
-80.6234      -95.2916       9.80988            0.805283
-80.5034      -95.6423       10.6713            0.805283
-80.3834      -95.9386       11.6382            0.805283
-80.2634      -96.1572       12.7178            0.805283
-80.1434      -96.2684       13.9139            0.805283
-80.0234      -96.2361       15.2238            0.805283
-79.9034      -96.0177       16.6351            0.805283
-79.7834      -95.5667       18.1205            0.805283
-79.6634      -94.8375       19.6336            0.805283
-79.5434      -93.794       21.106            0.805283
-79.4234      -92.4204       22.4481            0.805283
-79.3034      -90.734       23.5567            0.805283
-79.1834      -88.7938       24.3306            0.805283
-79.0634      -86.6996       24.691            0.805283
-78.9434      -84.5798       24.6016            0.805283
-78.8234      -82.5678       24.0783            0.805283
-78.7034      -80.7777       23.1849            0.805283
-78.5834      -79.2861       22.0168            0.805283
-78.4634      -78.127       20.6796            0.805283
-78.3434      -77.2969       19.271            0.805283
-78.2234      -76.7664       17.8698            0.805283
-78.1034      -76.4922       16.5324            0.805283
-77.9834      -76.4272       15.295            0.805283
-77.8634      -76.5261       14.1771            0.805283
-77.7434      -76.749       13.1865            0.805283
-77.6234      -77.0624       12.3236            0.805283
-77.5034      -77.439       11.5841            0.805283
-77.3834      -77.8566       10.9618            0.805283
-77.2634      -78.2972       10.4492            0.805283
-77.1434      -78.7456       10.0392            0.805283
-77.0234      -79.1887       9.72465            0.805283
-76.9034      -79.6143       9.49859            0.805283
-76.7834      -80.0102       9.35386            0.805283
-76.6634      -80.3643       9.28224            0.805283
-76.5434      -80.664       9.27352            0.805283
-76.4234      -80.897       9.31431            0.805283
-76.3034      -81.0526       9.38699            0.805283
-76.1834      -81.1236       9.46933            0.805283
-76.0634      -81.1095       9.53521            0.805283
-75.9434      -81.0187       9.55724            0.805283
-75.8234      -80.8696       9.51098            0.805283
-75.7034      -80.6895       9.37986            0.805283
-75.5834      -80.51       9.15889            0.805283
-75.4634      -80.3613       8.85548            0.805283
-75.3434      -80.2668       8.48696            0.805283
-75.2234      -80.2403       8.07591            0.805283
-75.1034      -80.2858       7.64534            0.805283
-74.9834      -80.3999       7.21508            0.805283
-74.8634      -80.5744       6.80013            0.805283
-74.7434      -80.799       6.41039            0.805283
-74.6234      -81.0633       6.05144            0.805283
-74.5034      -81.3578       5.72558            0.805283
-74.3834      -81.6744       5.43283            0.805283
-74.2634      -82.0067       5.17185            0.805283
-74.1434      -82.3496       4.94051            0.805283
-74.0234      -82.6992       4.73634            0.805283
-73.9034      -83.0529       4.55682            0.805283
-73.7834      -83.4086       4.39949            0.805283
-73.6634      -83.7649       4.26209            0.805283
-73.5434      -84.1209       4.14259            0.805283
-73.4234      -84.4761       4.03915            0.805283
-73.3034      -84.8302       3.95019            0.805283
-73.1834      -85.183       3.87429            0.805283
-73.0634      -85.5347       3.81026            0.805283
-72.9434      -85.8853       3.75706            0.805283
-72.8234      -86.2351       3.71378            0.805283
-72.7034      -86.5845       3.67967            0.805283
-72.5834      -86.9336       3.65408            0.805283
-72.4634      -87.2829       3.63645            0.805283
-72.3434      -87.6328       3.62632            0.805283
-72.2234      -87.9836       3.62331            0.805283
-72.1034      -88.3357       3.62711            0.805283
-71.9834      -88.6896       3.63746            0.805283
-71.8634      -89.0456       3.65417            0.805283
-71.7434      -89.4042       3.67709            0.805283
-71.6234      -89.7658       3.70612            0.805283
-71.5034      -90.1309       3.74121            0.805283
-71.3834      -90.4999       3.78234            0.805283
-71.2634      -90.8733       3.82954            0.805283
-71.1434      -91.2515       3.88287            0.805283
-71.0234      -91.635       3.94244            0.805283
-70.9034      -92.0244       4.00838            0.805283
-70.7834      -92.42       4.08087            0.805283
-70.6634      -92.8225       4.16011            0.805283
-70.5434      -93.2323       4.24636            0.805283
-70.4234      -93.6501       4.33992            0.805283
-70.3034      -94.0764       4.44111            0.805283
-70.1834      -94.5118       4.55032            0.805283
-70.0634      -94.957       4.66799            0.805283
-69.9434      -95.4126       4.79459            0.805283
-69.8234      -95.8793       4.93066            0.805283
-69.7034      -96.3579       5.07681            0.805283
-69.5834      -96.8491       5.23371            0.805283
-69.4634      -97.3538       5.4021            0.805283
-69.3434      -97.8728       5.58283            0.805283
-69.2234      -98.407       5.77681            0.805283
-69.1034      -98.9573       5.98508            0.805283
-68.9834      -99.5248       6.20877            0.805283
-68.8634      -100.111       6.44917            0.805283
-68.7434      -100.716       6.7077            0.805283
-68.6234      -101.341       6.98595            0.805283
-68.5034      -101.989       7.28568            0.805283
-68.3834      -102.66       7.60889            0.805283
-68.2634      -103.355       7.95781            0.805283
-68.1434      -104.076       8.33495            0.805283
-68.0234      -104.825       8.74311            0.805283
-67.9034      -105.603       9.18548            0.805283
-67.7834      -106.413       9.66565            0.805283
-67.6634      -107.255       10.1877            0.805283
-67.5434      -108.131       10.7562            0.805283
-67.4234      -109.044       11.3764            0.805283
-67.3034      -109.995       12.0544            0.805283
-67.1834      -110.986       12.7969            0.805283
-67.0634      -112.019       13.6117            0.805283
-66.9434      -113.095       14.5078            0.805283
-66.8234      -114.215       15.4955            0.805283
-66.7034      -115.38       16.5866            0.805283
-66.5834      -116.591       17.7947            0.805283
-66.4634      -117.846       19.1356            0.805283
-66.3434      -119.142       20.6272            0.805283
-66.2234      -120.477       22.2905            0.805283
-66.1034      -121.844       24.1492            0.805283
-65.9834      -123.232       26.2309            0.805283
-65.8634      -124.627       28.5666            0.805283
-65.7434      -126.008       31.1914            0.805283
-65.6234      -127.346       34.1444            0.805283
-65.5034      -128.601       37.4679            0.805283
-65.3834      -129.718       41.2065            0.805283
-65.2634      -130.626       45.4044            0.805283
-65.1434      -131.228       50.1009            0.805283
-65.0234      -131.403       55.3242            0.805283
-64.9034      -130.997       61.0799            0.805283
-64.7834      -129.827       67.3366            0.805283
-64.6634      -127.683       74.0066            0.805283
-64.5434      -124.345       80.924            0.805283
-64.4234      -119.615       87.8256            0.805283
-64.3034      -113.36       94.3438            0.805283
-64.1834      -105.568       100.024            0.805283
-64.0634      -96.4071       104.376            0.805283
-63.9434      -86.2412       106.961            0.805283
-63.8234      -75.6079       107.493            0.805283
-63.7034      -65.1311       105.908            0.805283
-63.5834      -55.4053       102.388            0.805283
-63.4634      -46.8894       97.3063            0.805283
-63.3434      -39.8496       91.1397            0.805283
-63.2234      -34.3589       84.3693            0.805283
-63.1034      -30.3386       77.4109            0.805283
-62.9834      -27.6161       70.5804            0.805283
-62.8634      -25.9774       64.0909            0.805283
-62.7434      -25.2053       58.0666            0.805283
-62.6234      -25.1017       52.5646            0.805283
-62.5034      -25.4978       47.5957            0.805283
-62.3834      -26.2563       43.1416            0.805283
-62.2634      -27.2687       39.1674            0.805283
-62.1434      -28.4517       35.6307            0.805283
-62.0234      -29.7423       32.4867            0.805283
-61.9034      -31.0937       29.6917            0.805283
-61.7834      -32.4717       27.2049            0.805283
-61.6634      -33.8515       24.9892            0.805283
-61.5434      -35.2155       23.0114            0.805283
-61.4234      -36.5517       21.2423            0.805283
-61.3034      -37.8519       19.6563            0.805283
-61.1834      -39.1109       18.2311            0.805283
-61.0634      -40.3256       16.9472            0.805283
-60.9434      -41.4945       15.7877            0.805283
-60.8234      -42.6172       14.7381            0.805283
-60.7034      -43.6942       13.7856            0.805283
-60.5834      -44.7264       12.9192            0.805283
-60.4634      -45.7152       12.1292            0.805283
-60.3434      -46.6621       11.4073            0.805283
-60.2234      -47.5689       10.7463            0.805283
-60.1034      -48.4373       10.1395            0.805283
-59.9834      -49.2692       9.58158            0.805283
-59.8634      -50.0663       9.06744            0.805283
-59.7434      -50.8305       8.59277            0.805283
-59.6234      -51.5634       8.15372            0.805283
-59.5034      -52.2666       7.7469            0.805283
-59.3834      -52.9418       7.3693            0.805283
-59.2634      -53.5905       7.01823            0.805283
-59.1434      -54.2139       6.69131            0.805283
-59.0234      -54.8136       6.38641            0.805283
-58.9034      -55.3907       6.10163            0.805283
-58.7834      -55.9464       5.83525            0.805283
-58.6634      -56.4819       5.58574            0.805283
-58.5434      -56.9982       5.35172            0.805283
-58.4234      -57.4963       5.13195            0.805283
-58.3034      -57.9771       4.9253            0.805283
-58.1834      -58.4415       4.73076            0.805283
-58.0634      -58.8904       4.5474            0.805283
-57.9434      -59.3245       4.37438            0.805283
-57.8234      -59.7445       4.21095            0.805283
-57.7034      -60.1511       4.05641            0.805283
-57.5834      -60.545       3.91013            0.805283
-57.4634      -60.9268       3.77153            0.805283
-57.3434      -61.297       3.64008            0.805283
-57.2234      -61.6562       3.5153            0.805283
-57.1034      -62.0048       3.39674            0.805283
-56.9834      -62.3435       3.284            0.805283
-56.8634      -62.6725       3.17669            0.805283
-56.7434      -62.9924       3.07447            0.805283
-56.6234      -63.3035       2.97703            0.805283
-56.5034      -63.6062       2.88406            0.805283
-56.3834      -63.9009       2.79529            0.805283
-56.2634      -64.1879       2.71048            0.805283
-56.1434      -64.4676       2.62939            0.805283
-56.0234      -64.7402       2.55179            0.805283
-55.9034      -65.006       2.4775            0.805283
-55.7834      -65.2653       2.40631            0.805283
-55.6634      -65.5184       2.33807            0.805283
-55.5434      -65.7655       2.27259            0.805283
-55.4234      -66.0068       2.20974            0.805283
-55.3034      -66.2426       2.14938            0.805283
-55.1834      -66.473       2.09136            0.805283
-55.0634      -66.6984       2.03557            0.805283
-54.9434      -66.9188       1.98189            0.805283
-54.8234      -67.1345       1.93021            0.805283
-54.7034      -67.3456       1.88044            0.805283
-54.5834      -67.5522       1.83247            0.805283
-54.4634      -67.7547       1.78622            0.805283
-54.3434      -67.953       1.7416            0.805283
-54.3434       0       0


-30.9182       0       0
-30.9182      -87.9313       -1.32666            0.805283
-30.7982      -88.1024       -1.37788            0.805283
-30.6782      -88.2777       -1.43177            0.805283
-30.5582      -88.4576       -1.48853            0.805283
-30.4382      -88.6422       -1.54838            0.805283
-30.3182      -88.8318       -1.61157            0.805283
-30.1982      -89.0266       -1.67837            0.805283
-30.0782      -89.2269       -1.74907            0.805283
-29.9582      -89.433       -1.82399            0.805283
-29.8382      -89.6451       -1.9035            0.805283
-29.7182      -89.8636       -1.98799            0.805283
-29.5982      -90.0888       -2.07791            0.805283
-29.4782      -90.3211       -2.17376            0.805283
-29.3582      -90.5609       -2.27607            0.805283
-29.2382      -90.8085       -2.38547            0.805283
-29.1182      -91.0644       -2.50265            0.805283
-28.9982      -91.329       -2.62838            0.805283
-28.8782      -91.6028       -2.76353            0.805283
-28.7582      -91.8862       -2.90909            0.805283
-28.6382      -92.1798       -3.06615            0.805283
-28.5182      -92.484       -3.23598            0.805283
-28.3982      -92.7994       -3.42001            0.805283
-28.2782      -93.1265       -3.61986            0.805283
-28.1582      -93.4657       -3.83738            0.805283
-28.0382      -93.8175       -4.0747            0.805283
-27.9182      -94.1824       -4.33423            0.805283
-27.7982      -94.5605       -4.61877            0.805283
-27.6782      -94.9522       -4.93151            0.805283
-27.5582      -95.3574       -5.27613            0.805283
-27.4382      -95.7757       -5.65686            0.805283
-27.3182      -96.2065       -6.07857            0.805283
-27.1982      -96.6486       -6.54685            0.805283
-27.0782      -97.0998       -7.06808            0.805283
-26.9582      -97.5574       -7.64955            0.805283
-26.8382      -98.0168       -8.29948            0.805283
-26.7182      -98.4721       -9.02705            0.805283
-26.5982      -98.9144       -9.84228            0.805283
-26.4782      -99.3323       -10.7558            0.805283
-26.3582      -99.7098       -11.7784            0.805283
-26.2382      -100.026       -12.9201            0.805283
-26.1182      -100.254       -14.1886            0.805283
-25.9982      -100.36       -15.5872            0.805283
-25.8782      -100.303       -17.1113            0.805283
-25.7582      -100.034       -18.7444            0.805283
-25.6382      -99.5016       -20.4527            0.805283
-25.5182      -98.6576       -22.1806            0.805283
-25.3982      -97.4655       -23.8475            0.805283
-25.2782      -95.9149       -25.351            0.805283
-25.1582      -94.0342       -26.5764            0.805283
-25.0382      -91.8983       -27.4154            0.805283
-24.9182      -89.6262       -27.7901            0.805283
-24.7982      -87.363       -27.6722            0.805283
-24.6782      -85.2541       -27.0918            0.805283
-24.5582      -83.4183       -26.129            0.805283
-24.4382      -81.9308       -24.8938            0.805283
-24.3182      -80.8202       -23.503            0.805283
-24.1982      -80.0761       -22.0615            0.805283
-24.0782      -79.6625       -20.652            0.805283
-23.9582      -79.5308       -19.3328            0.805283
-23.8382      -79.6297       -18.1405            0.805283
-23.7182      -79.9115       -17.095            0.805283
-23.5982      -80.3346       -16.2043            0.805283
-23.4782      -80.865       -15.4692            0.805283
-23.3582      -81.4755       -14.8865            0.805283
-23.2382      -82.1446       -14.4514            0.805283
-23.1182      -82.8556       -14.159            0.805283
-22.9982      -83.5951       -14.0055            0.805283
-22.8782      -84.3523       -13.9886            0.805283
-22.7582      -85.1174       -14.1079            0.805283
-22.6382      -85.8812       -14.365            0.805283
-22.5182      -86.6336       -14.7638            0.805283
-22.3982      -87.3631       -15.3103            0.805283
-22.2782      -88.0551       -16.012            0.805283
-22.1582      -88.6913       -16.878            0.805283
-22.0382      -89.2477       -17.9175            0.805283
-21.9182      -89.6935       -19.1385            0.805283
-21.7982      -89.9895       -20.5454            0.805283
-21.6782      -90.0873       -22.1354            0.805283
-21.5582      -89.929       -23.8936            0.805283
-21.4382      -89.4498       -25.787            0.805283
-21.3182      -88.5832       -27.7574            0.805283
-21.1982      -87.2716       -29.7165            0.805283
-21.0782      -85.4805       -31.5443            0.805283
-20.9582      -83.2169       -33.0966            0.805283
-20.8382      -80.5439       -34.2234            0.805283
-20.7182      -77.5853       -34.7962            0.805283
-20.5982      -74.5139       -34.7385            0.805283
-20.4782      -71.5221       -34.0455            0.805283
-20.3582      -68.7862       -32.7852            0.805283
-20.2382      -66.4361       -31.0805            0.805283
-20.1182      -64.5415       -29.079            0.805283
-19.9982      -63.1145       -26.9249            0.805283
-19.8782      -62.1241       -24.7394            0.805283
-19.7582      -61.5143       -22.6127            0.805283
-19.6382      -61.2187       -20.6037            0.805283
-19.5182      -61.172       -18.7454            0.805283
-19.3982      -61.3153       -17.0519            0.805283
-19.2782      -61.5991       -15.5241            0.805283
-19.1582      -61.9834       -14.1548            0.805283
-19.0382      -62.4369       -12.9326            0.805283
-18.9182      -62.9356       -11.844            0.805283
-18.7982      -63.4614       -10.8753            0.805283
-18.6782      -64.0011       -10.0129            0.805283
-18.5582      -64.545       -9.24455            0.805283
-18.4382      -65.0861       -8.55896            0.805283
-18.3182      -65.6196       -7.94611            0.805283
-18.1982      -66.1422       -7.39721            0.805283
-18.0782      -66.6517       -6.90451            0.805283
-17.9582      -67.1468       -6.4613            0.805283
-17.8382      -67.6268       -6.06172            0.805283
-17.7182      -68.0914       -5.7007            0.805283
-17.5982      -68.5407       -5.3738            0.805283
-17.4782      -68.975       -5.07722            0.805283
-17.3582      -69.3947       -4.80761            0.805283
-17.2382      -69.8003       -4.56207            0.805283
-17.1182      -70.1924       -4.33807            0.805283
-16.9982      -70.5716       -4.1334            0.805283
-16.8782      -70.9387       -3.94613            0.805283
-16.7582      -71.2942       -3.77456            0.805283
-16.6382      -71.6387       -3.6172            0.805283
-16.5182      -71.973       -3.47274            0.805283
-16.3982      -72.2976       -3.34004            0.805283
-16.2782      -72.6131       -3.21806            0.805283
-16.1582      -72.9201       -3.10592            0.805283
-16.0382      -73.2191       -3.00281            0.805283
-15.9182      -73.5107       -2.90804            0.805283
-15.7982      -73.7952       -2.82098            0.805283
-15.6782      -74.0733       -2.74108            0.805283
-15.5582      -74.3454       -2.66785            0.805283
-15.4382      -74.6118       -2.60087            0.805283
-15.3182      -74.8731       -2.53976            0.805283
-15.1982      -75.1296       -2.48418            0.805283
-15.0782      -75.3817       -2.43385            0.805283
-14.9582      -75.6297       -2.38853            0.805283
-14.8382      -75.8741       -2.34799            0.805283
-14.7182      -76.1151       -2.31205            0.805283
-14.5982      -76.3532       -2.28058            0.805283
-14.4782      -76.5886       -2.25346            0.805283
-14.3582      -76.8216       -2.2306            0.805283
-14.2382      -77.0526       -2.21194            0.805283
-14.1182      -77.2818       -2.19747            0.805283
-13.9982      -77.5096       -2.18717            0.805283
-13.8782      -77.7363       -2.18109            0.805283
-13.7582      -77.9621       -2.1793            0.805283
-13.6382      -78.1874       -2.18189            0.805283
-13.5182      -78.4124       -2.189            0.805283
-13.3982      -78.6374       -2.2008            0.805283
-13.2782      -78.8628       -2.21752            0.805283
-13.1582      -79.0887       -2.23943            0.805283
-13.0382      -79.3154       -2.26685            0.805283
-12.9182      -79.5433       -2.30016            0.805283
-12.7982      -79.7726       -2.33981            0.805283
-12.6782      -80.0035       -2.38635            0.805283
-12.5582      -80.2361       -2.44038            0.805283
-12.4382      -80.4708       -2.50263            0.805283
-12.3182      -80.7076       -2.57394            0.805283
-12.1982      -80.9466       -2.6553            0.805283
-12.0782      -81.1877       -2.74781            0.805283
-11.9582      -81.4308       -2.85278            0.805283
-11.8382      -81.6755       -2.97168            0.805283
-11.7182      -81.9212       -3.10619            0.805283
-11.5982      -82.167       -3.2582            0.805283
-11.4782      -82.4115       -3.42978            0.805283
-11.3582      -82.6528       -3.62317            0.805283
-11.2382      -82.8882       -3.84066            0.805283
-11.1182      -83.1142       -4.08449            0.805283
-10.9982      -83.3259       -4.35655            0.805283
-10.8782      -83.5174       -4.65799            0.805283
-10.7582      -83.6812       -4.98865            0.805283
-10.6382      -83.8085       -5.34628            0.805283
-10.5182      -83.89       -5.72559            0.805283
-10.3982      -83.9164       -6.11735            0.805283
-10.2782      -83.8806       -6.50783            0.805283
-10.1582      -83.7801       -6.87912            0.805283
-10.0382      -83.6192       -7.21089            0.805283
-9.91818      -83.411       -7.48375            0.805283
-9.79818      -83.1767       -7.68363            0.805283
-9.67818      -82.9428       -7.80578            0.805283
-9.55818      -82.7364       -7.85657            0.805283
-9.43818      -82.5796       -7.8524            0.805283
-9.31818      -82.486       -7.81609            0.805283
-9.19818      -82.4599       -7.77247            0.805283
-9.07818      -82.4973       -7.74464            0.805283
-8.95818      -82.5878       -7.75185            0.805283
-8.83818      -82.7174       -7.80862            0.805283
-8.71818      -82.8694       -7.92492            0.805283
-8.59818      -83.0261       -8.10646            0.805283
-8.47818      -83.1686       -8.35492            0.805283
-8.35818      -83.2777       -8.6677            0.805283
-8.23818      -83.3338       -9.03721            0.805283
-8.11818      -83.3182       -9.44989            0.805283
-7.99818      -83.2155       -9.88549            0.805283
-7.87818      -83.0165       -10.3172            0.805283
-7.75818      -82.7217       -10.7137            0.805283
-7.63818      -82.3443       -11.0434            0.805283
-7.51818      -81.9102       -11.2808            0.805283
-7.39818      -81.4551       -11.4128            0.805283
-7.27818      -81.0171       -11.4423            0.805283
-7.15818      -80.6293       -11.3874            0.805283
-7.03818      -80.3129       -11.2775            0.805283
-6.91818      -80.0751       -11.1456            0.805283
-6.79818      -79.91       -11.0225            0.805283
-6.67818      -79.8017       -10.9325            0.805283
-6.55818      -79.7285       -10.8912            0.805283
-6.43818      -79.666       -10.9056            0.805283
-6.31818      -79.59       -10.974            0.805283
-6.19818      -79.4783       -11.0865            0.805283
-6.07818      -79.3132       -11.2263            0.805283
-5.95818      -79.0843       -11.37            0.805283
-5.83818      -78.7911       -11.4914            0.805283
-5.71818      -78.444       -11.5654            0.805283
-5.59818      -78.0638       -11.5735            0.805283
-5.47818      -77.6772       -11.5083            0.805283
-5.35818      -77.3106       -11.3749            0.805283
-5.23818      -76.9845       -11.1891            0.805283
-5.11818      -76.7093       -10.9726            0.805283
-4.99818      -76.4848       -10.7478            0.805283
-4.87818      -76.3016       -10.5336            0.805283
-4.75818      -76.1436       -10.3417            0.805283
-4.63818      -75.9921       -10.1753            0.805283
-4.51818      -75.829       -10.0283            0.805283
-4.39818      -75.6411       -9.88691            0.805283
-4.27818      -75.4233       -9.73173            0.805283
-4.15818      -75.1808       -9.54255            0.805283
-4.03818      -74.9282       -9.30333            0.805283
-3.91818      -74.6867       -9.00664            0.805283
-3.79818      -74.4788       -8.6556            0.805283
-3.67818      -74.3229       -8.2627            0.805283
-3.55818      -74.2299       -7.84617            0.805283
-3.43818      -74.2025       -7.42567            0.805283
-3.31818      -74.2361       -7.01875            0.805283
-3.19818      -74.3216       -6.63887            0.805283
-3.07818      -74.4474       -6.29483            0.805283
-2.95818      -74.6015       -5.99106            0.805283
-2.83818      -74.7722       -5.72836            0.805283
-2.71818      -74.9496       -5.50467            0.805283
-2.59818      -75.1251       -5.31571            0.805283
-2.47818      -75.2927       -5.1557            0.805283
-2.35818      -75.4485       -5.01801            0.805283
-2.23818      -75.5912       -4.89595            0.805283
-2.11818      -75.7217       -4.78362            0.805283
-1.99818      -75.8426       -4.67667            0.805283
-1.87818      -75.9575       -4.57284            0.805283
-1.75818      -76.0697       -4.47204            0.805283
-1.63818      -76.1815       -4.37593            0.805283
-1.51818      -76.2934       -4.28712            0.805283
-1.39818      -76.4037       -4.20813            0.805283
-1.27818      -76.5093       -4.14042            0.805283
-1.15818      -76.6058       -4.0836            0.805283
-1.03818      -76.6886       -4.03503            0.805283
-0.918182      -76.7545       -3.98973            0.805283
-0.798182      -76.8022       -3.941            0.805283
-0.678182      -76.8332       -3.8815            0.805283
-0.558182      -76.8528       -3.8048            0.805283
-0.438182      -76.8682       -3.70698            0.805283
-0.318182      -76.888       -3.58758            0.805283
-0.198182      -76.9198       -3.44961            0.805283
-0.078182      -76.9692       -3.2986            0.805283
0.041818      -77.0389       -3.14115            0.805283
0.161818      -77.1287       -2.98358            0.805283
0.281818      -77.2368       -2.83111            0.805283
0.401818      -77.3601       -2.68743            0.805283
0.521818      -77.4954       -2.5548            0.805283
0.641818      -77.6392       -2.43428            0.805283
0.761818      -77.7885       -2.32604            0.805283
0.881818      -77.9409       -2.22963            0.805283
1.00182      -78.0943       -2.14415            0.805283
1.12182      -78.2469       -2.06847            0.805283
1.24182      -78.3975       -2.00122            0.805283
1.36182      -78.5454       -1.94094            0.805283
1.48182      -78.6901       -1.88611            0.805283
1.60182      -78.8317       -1.83528            0.805283
1.72182      -78.9706       -1.78723            0.805283
1.84182      -79.1076       -1.74107            0.805283
1.96182      -79.2437       -1.69633            0.805283
2.08182      -79.3795       -1.65298            0.805283
2.20182      -79.5158       -1.61128            0.805283
2.32182      -79.653       -1.57161            0.805283
2.44182      -79.791       -1.53438            0.805283
2.56182      -79.9297       -1.49991            0.805283
2.68182      -80.0691       -1.46837            0.805283
2.80182      -80.2088       -1.43984            0.805283
2.92182      -80.3486       -1.41427            0.805283
3.04182      -80.4884       -1.39158            0.805283
3.16182      -80.6279       -1.37161            0.805283
3.28182      -80.7673       -1.3542            0.805283
3.40182      -80.9063       -1.3392            0.805283
3.52182      -81.045       -1.32645            0.805283
3.64182      -81.1834       -1.31579            0.805283
3.76182      -81.3215       -1.30709            0.805283
3.88182      -81.4594       -1.30024            0.805283
4.00182      -81.5973       -1.29513            0.805283
4.12182      -81.735       -1.29167            0.805283
4.24182      -81.8728       -1.28979            0.805283
4.36182      -82.0108       -1.28942            0.805283
4.48182      -82.1489       -1.29051            0.805283
4.60182      -82.2874       -1.29303            0.805283
4.72182      -82.4263       -1.29692            0.805283
4.84182      -82.5657       -1.30217            0.805283
4.96182      -82.7057       -1.30877            0.805283
5.08182      -82.8465       -1.3167            0.805283
5.20182      -82.9881       -1.32597            0.805283
5.32182      -83.1306       -1.33657            0.805283
5.44182      -83.2742       -1.34852            0.805283
5.56182      -83.4189       -1.36183            0.805283
5.68182      -83.5649       -1.37653            0.805283
5.80182      -83.7124       -1.39265            0.805283
5.92182      -83.8613       -1.41023            0.805283
6.04182      -84.0118       -1.4293            0.805283
6.16182      -84.1642       -1.44992            0.805283
6.28182      -84.3184       -1.47214            0.805283
6.40182      -84.4746       -1.49602            0.805283
6.52182      -84.6331       -1.52164            0.805283
6.64182      -84.7938       -1.54907            0.805283
6.76182      -84.957       -1.57841            0.805283
6.88182      -85.1229       -1.60974            0.805283
7.00182      -85.2916       -1.64318            0.805283
7.12182      -85.4632       -1.67884            0.805283
7.24182      -85.6381       -1.71686            0.805283
7.36182      -85.8162       -1.75737            0.805283
7.48182      -85.998       -1.80053            0.805283
7.60182      -86.1835       -1.84652            0.805283
7.72182      -86.373       -1.89552            0.805283
7.84182      -86.5667       -1.94774            0.805283
7.96182      -86.7649       -2.00341            0.805283
8.08182      -86.9679       -2.06278            0.805283
8.20182      -87.1759       -2.12614            0.805283
8.32182      -87.3892       -2.1938            0.805283
8.44182      -87.6082       -2.26608            0.805283
8.56182      -87.8331       -2.34338            0.805283
8.68182      -88.0644       -2.4261            0.805283
8.80182      -88.3023       -2.51472            0.805283
8.92182      -88.5474       -2.60975            0.805283
9.04182      -88.8       -2.71177            0.805283
9.16182      -89.0605       -2.82143            0.805283
9.28182      -89.3295       -2.93943            0.805283
9.40182      -89.6074       -3.06659            0.805283
9.52182      -89.8948       -3.20382            0.805283
9.64182      -90.1922       -3.35214            0.805283
9.76182      -90.5001       -3.51269            0.805283
9.88182      -90.8192       -3.68677            0.805283
10.0018      -91.1501       -3.87586            0.805283
10.1218      -91.4934       -4.08163            0.805283
10.2418      -91.8497       -4.30598            0.805283
10.3618      -92.2198       -4.55107            0.805283
10.4818      -92.6041       -4.81939            0.805283
10.6018      -93.0032       -5.11375            0.805283
10.7218      -93.4177       -5.43743            0.805283
10.8418      -93.8479       -5.79414            0.805283
10.9618      -94.2939       -6.18819            0.805283
11.0818      -94.7557       -6.62453            0.805283
11.2018      -95.2329       -7.10884            0.805283
11.3218      -95.7243       -7.64771            0.805283
11.4418      -96.2285       -8.24869            0.805283
11.5618      -96.7426       -8.92044            0.805283
11.6818      -97.2627       -9.67287            0.805283
11.8018      -97.7831       -10.5172            0.805283
11.9218      -98.2955       -11.466            0.805283
12.0418      -98.7885       -12.5332            0.805283
12.1618      -99.2466       -13.7336            0.805283
12.2818      -99.6489       -15.0826            0.805283
12.4018      -99.9676       -16.595            0.805283
12.5218      -100.166       -18.2829            0.805283
12.6418      -100.199       -20.1534            0.805283
12.7618      -100.01       -22.204            0.805283
12.8818      -99.5303       -24.4169            0.805283
13.0018      -98.6875       -26.7522            0.805283
13.1218      -97.4075       -29.14            0.805283
13.2418      -95.6292       -31.4757            0.805283
13.3618      -93.3217       -33.62            0.805283
13.4818      -90.5046       -35.4096            0.805283
13.6018      -87.2625       -36.6802            0.805283
13.7218      -83.7467       -37.2992            0.805283
13.8418      -80.1574       -37.1977            0.805283
13.9618      -76.7089       -36.3894            0.805283
14.0818      -73.5888       -34.9666            0.805283
14.2018      -70.928       -33.076            0.805283
14.3218      -68.789       -30.8848            0.805283
14.4418      -67.1728       -28.5506            0.805283
14.5618      -66.0363       -26.2021            0.805283
14.6818      -65.3123       -23.9322            0.805283
14.8018      -64.9253       -21.7998            0.805283
14.9218      -64.8028       -19.8362            0.805283
15.0418      -64.881       -18.0525            0.805283
15.1618      -65.1069       -16.4464            0.805283
15.2818      -65.4388       -15.0079            0.805283
15.4018      -65.8447       -13.7229            0.805283
15.5218      -66.3007       -12.5763            0.805283
15.6418      -66.7892       -11.5534            0.805283
15.7618      -67.2973       -10.6405            0.805283
15.8818      -67.8153       -9.82526            0.805283
16.0018      -68.3362       -9.09687            0.805283
16.1218      -68.8546       -8.4456            0.805283
16.2418      -69.3665       -7.86278            0.805283
16.3618      -69.8693       -7.34069            0.805283
16.4818      -70.3608       -6.87246            0.805283
16.6018      -70.8398       -6.45199            0.805283
16.7218      -71.3057       -6.07392            0.805283
16.8418      -71.7581       -5.7335            0.805283
16.9618      -72.197       -5.4266            0.805283
17.0818      -72.6227       -5.14957            0.805283
17.2018      -73.0355       -4.89925            0.805283
17.3218      -73.4359       -4.67288            0.805283
17.4418      -73.8246       -4.46802            0.805283
17.5618      -74.2022       -4.28258            0.805283
17.6818      -74.5693       -4.11473            0.805283
17.8018      -74.9265       -3.96285            0.805283
17.9218      -75.2745       -3.82556            0.805283
18.0418      -75.6141       -3.70163            0.805283
18.1618      -75.9457       -3.59002            0.805283
18.2818      -76.27       -3.48981            0.805283
18.4018      -76.5877       -3.40022            0.805283
18.5218      -76.8993       -3.32057            0.805283
18.6418      -77.2054       -3.2503            0.805283
18.7618      -77.5064       -3.18892            0.805283
18.8818      -77.8031       -3.13604            0.805283
19.0018      -78.0957       -3.09138            0.805283
19.1218      -78.3849       -3.05468            0.805283
19.2418      -78.6711       -3.02582            0.805283
19.3618      -78.9548       -3.00471            0.805283
19.4818      -79.2364       -2.99136            0.805283
19.6018      -79.5163       -2.98586            0.805283
19.7218      -79.795       -2.98837            0.805283
19.8418      -80.0728       -2.99914            0.805283
19.9618      -80.35       -3.01854            0.805283
20.0818      -80.627       -3.04701            0.805283
20.2018      -80.904       -3.08513            0.805283
20.3218      -81.1812       -3.13361            0.805283
20.4418      -81.4588       -3.19328            0.805283
20.5618      -81.7367       -3.26514            0.805283
20.6818      -82.0148       -3.35036            0.805283
20.8018      -82.2926       -3.45029            0.805283
20.9218      -82.5697       -3.56647            0.805283
21.0418      -82.8451       -3.70061            0.805283
21.1618      -83.1172       -3.85459            0.805283
21.2818      -83.384       -4.03036            0.805283
21.4018      -83.6429       -4.22986            0.805283
21.5218      -83.8902       -4.45483            0.805283
21.6418      -84.1213       -4.7065            0.805283
21.7618      -84.3304       -4.98523            0.805283
21.8818      -84.511       -5.28996            0.805283
22.0018      -84.6558       -5.61768            0.805283
22.1218      -84.7575       -5.96296            0.805283
22.2418      -84.8101       -6.31769            0.805283
22.3618      -84.8094       -6.67143            0.805283
22.4818      -84.7544       -7.01222            0.805283
22.6018      -84.6475       -7.32778            0.805283
22.7218      -84.4945       -7.60666            0.805283
22.8418      -84.3035       -7.83892            0.805283
22.9618      -84.0852       -8.01642            0.805283
23.0818      -83.8523       -8.13322            0.805283
23.2018      -83.6198       -8.18652            0.805283
23.3218      -83.4039       -8.17802            0.805283
23.4418      -83.22       -8.11463            0.805283
23.5618      -83.0806       -8.00799            0.805283
23.6818      -82.9934       -7.87267            0.805283
23.8018      -82.9611       -7.7238            0.805283
23.9218      -82.9821       -7.57529            0.805283
24.0418      -83.0522       -7.43904            0.805283
24.1618      -83.1651       -7.32491            0.805283
24.2818      -83.3134       -7.24103            0.805283
24.4018      -83.4883       -7.1939            0.805283
24.5218      -83.6801       -7.18825            0.805283
24.6418      -83.8776       -7.22666            0.805283
24.7618      -84.0692       -7.30916            0.805283
24.8818      -84.2427       -7.43267            0.805283
25.0018      -84.3867       -7.59068            0.805283
25.1218      -84.4912       -7.77298            0.805283
25.2418      -84.5494       -7.96581            0.805283
25.3618      -84.5592       -8.15275            0.805283
25.4818      -84.5245       -8.31658            0.805283
25.6018      -84.4559       -8.44199            0.805283
25.7218      -84.3694       -8.51858            0.805283
25.8418      -84.2837       -8.54291            0.805283
25.9618      -84.2167       -8.51881            0.805283
26.0818      -84.1825       -8.45562            0.805283
26.2018      -84.1905       -8.36565            0.805283
26.3218      -84.2452       -8.26168            0.805283
26.4418      -84.3477       -8.15567            0.805283
26.5618      -84.4967       -8.05832            0.805283
26.6818      -84.6894       -7.97921            0.805283
26.8018      -84.9212       -7.92676            0.805283
26.9218      -85.1867       -7.90821            0.805283
27.0418      -85.4793       -7.92946            0.805283
27.1618      -85.7917       -7.99506            0.805283
27.2818      -86.1162       -8.10839            0.805283
27.4018      -86.4448       -8.27166            0.805283
27.5218      -86.7688       -8.48582            0.805283
27.6418      -87.0789       -8.75014            0.805283
27.7618      -87.3657       -9.06169            0.805283
27.8818      -87.6205       -9.41486            0.805283
28.0018      -87.8363       -9.8014            0.805283
28.1218      -88.0095       -10.2111            0.805283
28.8218      -88.349       -12.7277            0.805283
29.5218      -87.4738       -15.3665            0.805283
30.2218      -85.9339       -16.8654            0.805283
30.9218      -84.4068       -18.432            0.805283
31.6218      -82.41       -19.2175            0.805283
32.3218      -80.3764       -20.2602            0.805283
33.0218      -77.0473       -19.773            0.805283
33.7218      -75.6592       -17.3966            0.805283
34.4218      -76.5619       -16.7056            0.805283
35.1218      -75.7049       -18.7316            0.805283
35.8218      -71.4531       -18.39            0.805283
36.5218      -69.538       -15.0917            0.805283
37.2218      -69.3034       -12.0735            0.805283
37.9218      -70.7797       -9.8191            0.805283
38.6218      -72.1949       -9.70141            0.805283
39.3218      -71.7978       -9.55151            0.805283
40.0218      -72.1903       -8.21029            0.805283
40.7218      -73.1785       -8.20185            0.805283
41.4218      -72.4695       -8.38114            0.805283
42.1218      -72.1426       -6.65451            0.805283
42.8218      -73.4499       -5.37182            0.805283
43.5218      -74.8555       -5.27329            0.805283
44.2218      -75.715       -5.47479            0.805283
44.9218      -76.8505       -5.86147            0.805283
45.6218      -77.5921       -7.57628            0.805283
46.3218      -75.8107       -9.3719            0.805283
47.0218      -73.6921       -8.11554            0.805283
47.7218      -73.5726       -6.58329            0.805283
48.4218      -73.7421       -5.34424            0.805283
49.1218      -74.6961       -4.20705            0.805283
49.8218      -76.0333       -3.93759            0.805283
50.5218      -76.9373       -4.54468            0.805283
51.2218      -76.6265       -5.04007            0.805283
51.9218      -76.5163       -4.20208            0.805283
52.6218      -77.5319       -3.49949            0.805283
53.3218      -78.9044       -3.52117            0.805283
54.0218      -80.264       -4.25236            0.805283
54.7218      -81.2022       -5.82425            0.805283
55.4218      -81.0104       -7.83542            0.805283
56.1218      -79.2259       -9.55447            0.805283
56.8218      -76.6311       -8.53437            0.805283
57.5218      -76.7345       -6.32114            0.805283
58.2218      -78.2462       -5.52589            0.805283
58.9218      -79.7535       -6.16654            0.805283
59.6218      -80.2474       -7.87794            0.805283
60.3218      -79.1915       -9.33816            0.805283
61.0218      -77.5156       -9.49167            0.805283
61.7218      -76.546       -8.31266            0.805283
62.4218      -76.9466       -7.32324            0.805283
63.1218      -77.5455       -7.09596            0.805283
63.8218      -78.2577       -7.26622            0.805283
64.5218      -78.5372       -8.34579            0.805283
65.2218      -77.3577       -8.99848            0.805283
65.9218      -76.6106       -8.04404            0.805283
66.6218      -77.1857       -7.30789            0.805283
67.3218      -78.0353       -7.38254            0.805283
68.0218      -78.7393       -8.15284            0.805283
68.7218      -78.8329       -9.35431            0.805283
69.4218      -78.2884       -10.5675            0.805283
70.1218      -77.0774       -11.6783            0.805283
70.8218      -75.4609       -11.7994            0.805283
71.5218      -74.1745       -11.8844            0.805283
72.2218      -72.1563       -11.4306            0.805283
72.9218      -70.3634       -9.66453            0.805283
73.6218      -70.1709       -6.95183            0.805283
74.3218      -71.4773       -5.28877            0.805283
75.0218      -72.8539       -4.85863            0.805283
75.7218      -73.8735       -5.285            0.805283
76.4218      -73.6848       -6.44044            0.805283
77.1218      -72.0234       -6.12651            0.805283
77.8218      -71.7759       -4.36108            0.805283
78.5218      -72.6568       -3.34443            0.805283
79.2218      -73.4545       -3.2108            0.805283
79.9218      -73.5068       -3.24254            0.805283
80.6218      -73.527       -2.56941            0.805283
81.3218      -74.12       -1.93586            0.805283
82.0218      -74.8343       -1.66388            0.805283
82.7218      -75.4045       -1.60708            0.805283
83.4218      -75.8508       -1.48543            0.805283
84.1218      -76.4245       -1.33827            0.805283
84.8218      -77.0872       -1.31924            0.805283
85.5218      -77.7858       -1.44907            0.805283
86.2218      -78.4886       -1.77848            0.805283
86.9218      -79.0414       -2.3597            0.805283
87.6218      -79.305       -2.94084            0.805283
88.3218      -79.5327       -3.48227            0.805283
89.0218      -79.6777       -3.93994            0.805283
89.7218      -80.1337       -4.59472            0.805283
90.4218      -80.228       -6.01683            0.805283
91.1218      -79.0247       -7.56186            0.805283
91.8218      -76.6724       -7.53713            0.805283
92.5218      -75.7854       -5.67397            0.805283
93.2218      -76.5536       -4.50249            0.805283
93.9218      -77.6708       -4.4312            0.805283
94.6218      -78.4192       -5.35613            0.805283
95.3218      -78.0861       -6.79776            0.805283
96.0218      -76.3947       -7.55139            0.805283
96.7218      -74.8256       -6.4916            0.805283
97.4218      -74.7641       -5.14658            0.805283
98.1218      -75.1151       -4.60122            0.805283
98.8218      -75.2983       -4.14901            0.805283
99.5218      -75.7411       -3.92155            0.805283
100.222      -75.8423       -4.03035            0.805283
100.922      -75.832       -3.7628            0.805283
101.622      -76.0979       -3.62089            0.805283
102.322      -76.3691       -3.63056            0.805283
103.022      -76.5574       -4.01121            0.805283
103.722      -75.954       -4.44387            0.805283
104.422      -75.1724       -3.78318            0.805283
105.122      -75.4079       -2.8538            0.805283
105.822      -76.0303       -2.55885            0.805283
106.522      -76.4439       -2.68518            0.805283
107.222      -76.5628       -3.04597            0.805283
107.922      -75.9445       -3.23603            0.805283
108.622      -75.4905       -2.41944            0.805283
109.322      -75.8222       -1.62468            0.805283
110.022      -76.3626       -1.1921            0.805283
110.722      -76.8913       -0.970985            0.805283
111.422      -77.3803       -0.85746            0.805283
112.122      -77.8436       -0.80432            0.805283
112.822      -78.2968       -0.796408            0.805283
113.522      -78.7515       -0.829975            0.805283
114.222      -79.2172       -0.911699            0.805283
114.922      -79.6892       -1.05139            0.805283
115.622      -80.1813       -1.23911            0.805283
116.322      -80.7467       -1.54107            0.805283
117.022      -81.2935       -2.12383            0.805283
117.722      -81.4706       -2.96735            0.805283
118.422      -81.1491       -3.52107            0.805283
119.122      -80.9692       -3.52529            0.805283
119.822      -81.2854       -3.50252            0.805283
120.522      -81.8337       -3.84902            0.805283
121.222      -82.2546       -4.56859            0.805283
121.922      -82.5027       -5.53671            0.805283
122.622      -82.2295       -6.8374            0.805283
123.322      -81.206       -7.59925            0.805283
124.022      -80.3666       -7.87469            0.805283
124.722      -79.6097       -7.61967            0.805283
125.422      -79.6415       -7.35181            0.805283
126.122      -79.9081       -7.73405            0.805283
126.822      -79.8839       -8.70627            0.805283
127.522      -78.6302       -10.0525            0.805283
128.222      -76.4766       -9.75058            0.805283
128.922      -75.5639       -8.14416            0.805283
129.622      -76.1716       -6.8491            0.805283
130.322      -77.4691       -6.84209            0.805283
131.022      -78.3965       -8.36299            0.805283
131.722      -77.3936       -10.994            0.805283
132.422      -73.7524       -12.0105            0.805283
133.122      -70.6351       -9.93058            0.805283
133.822      -69.899       -6.93895            0.805283
134.522      -70.5571       -5.03139            0.805283
135.222      -71.1432       -3.96051            0.805283
135.922      -71.7631       -2.97323            0.805283
136.622      -72.6055       -2.33276            0.805283
137.322      -73.3905       -2.10244            0.805283
138.022      -73.9524       -2.13632            0.805283
138.722      -74.1798       -2.25977            0.805283
139.422      -74.2744       -2.10862            0.805283
140.122      -74.5516       -2.05271            0.805283
140.822      -74.4956       -2.13314            0.805283
141.522      -74.3341       -1.76206            0.805283
142.222      -74.5259       -1.27339            0.805283
142.922      -74.8964       -0.935807            0.805283
143.622      -75.2914       -0.74328            0.805283
144.322      -75.6603       -0.635702            0.805283
145.022      -76.0021       -0.575186            0.805283
145.722      -76.3253       -0.544465            0.805283
146.422      -76.6398       -0.536802            0.805283
147.122      -76.9548       -0.551631            0.805283
147.822      -77.2803       -0.594022            0.805283
148.522      -77.6274       -0.677479            0.805283
149.222      -78.0056       -0.832312            0.805283
149.922      -78.4054       -1.12312            0.805283
150.622      -78.7225       -1.64302            0.805283
151.322      -78.7065       -2.33343            0.805283
152.022      -78.2704       -2.831            0.805283
152.722      -77.7192       -2.87636            0.805283
153.422      -77.5519       -2.54966            0.805283
154.122      -77.7677       -2.58851            0.805283
154.822      -77.5899       -2.90841            0.805283
155.522      -77.2722       -2.89524            0.805283
156.222      -76.9786       -2.81951            0.805283
156.922      -76.7322       -2.49163            0.805283
157.622      -76.7542       -2.13482            0.805283
158.322      -76.8941       -1.81678            0.805283
159.022      -77.2228       -1.6012            0.805283
159.722      -77.6565       -1.61524            0.805283
160.422      -78.033       -1.9904            0.805283
161.122      -77.9       -2.67008            0.805283
161.822      -77.1043       -2.759            0.805283
162.522      -76.8791       -2.17642            0.805283
163.222      -77.085       -1.93885            0.805283
163.922      -77.1277       -1.9312            0.805283
164.622      -77.0288       -1.76271            0.805283
165.322      -77.1397       -1.48529            0.805283
166.022      -77.3497       -1.31873            0.805283
166.722      -77.6208       -1.25284            0.805283
167.422      -77.8321       -1.35242            0.805283
168.122      -77.8432       -1.39499            0.805283
168.822      -78.0092       -1.25433            0.805283
169.522      -78.3865       -1.3118            0.805283
170.222      -78.6967       -1.73775            0.805283
170.922      -78.4254       -2.42933            0.805283
171.622      -77.5342       -2.34673            0.805283
172.322      -77.3372       -1.59146            0.805283
173.022      -77.6561       -1.10042            0.805283
173.722      -78.0677       -0.875791            0.805283
174.422      -78.4772       -0.797116            0.805283
175.122      -78.8842       -0.802888            0.805283
175.822      -79.3181       -0.878859            0.805283
176.522      -79.8036       -1.05232            0.805283
177.222      -80.3585       -1.38517            0.805283
177.922      -80.9673       -2.02151            0.805283
178.622      -81.3931       -3.22575            0.805283
179.322      -80.8084       -4.86769            0.805283
180.022      -79.1523       -5.46587            0.805283
180.722      -78.0981       -4.95728            0.805283
181.422      -77.6498       -4.41863            0.805283
182.122      -77.5761       -3.98889            0.805283
182.822      -77.7718       -3.88456            0.805283
183.522      -77.6707       -4.40875            0.805283
184.222      -76.6697       -4.59502            0.805283
184.922      -75.817       -3.77412            0.805283
185.622      -75.8763       -2.74576            0.805283
186.322      -76.3476       -2.23242            0.805283
187.022      -76.7744       -2.07605            0.805283
187.722      -77.048       -2.10812            0.805283
188.422      -77.2061       -2.11905            0.805283
189.122      -77.4038       -2.1539            0.805283
189.822      -77.6333       -2.341            0.805283
190.522      -77.652       -2.83512            0.805283
191.222      -76.9902       -3.13325            0.805283
191.922      -76.541       -2.58859            0.805283
192.622      -76.7971       -2.16879            0.805283
193.322      -77.1314       -2.29987            0.805283
194.022      -76.974       -2.72812            0.805283
194.722      -76.3698       -2.68955            0.805283
195.422      -76.1169       -2.2047            0.805283
196.122      -76.1748       -1.90308            0.805283
196.822      -76.0982       -1.70879            0.805283
197.522      -76.0939       -1.30764            0.805283
198.222      -76.3308       -0.995664            0.805283
198.922      -76.6089       -0.875201            0.805283
199.622      -76.7851       -0.921565            0.805283
200.322      -76.7296       -0.915157            0.805283
201.022      -76.7407       -0.684028            0.805283
201.722      -76.9125       -0.492285            0.805283
202.422      -77.1104       -0.388862            0.805283
203.122      -77.2917       -0.331582            0.805283
203.822      -77.4601       -0.293991            0.805283
204.522      -77.622       -0.271481            0.805283
205.222      -77.7788       -0.260877            0.805283
205.922      -77.9336       -0.259573            0.805283
206.622      -78.0901       -0.266882            0.805283
207.322      -78.2524       -0.283756            0.805283
208.022      -78.4256       -0.312961            0.805283
208.722      -78.6156       -0.360067            0.805283
209.422      -78.8308       -0.435904            0.805283
210.122      -79.0809       -0.562421            0.805283
210.822      -79.3725       -0.786934            0.805283
211.522      -79.6749       -1.21285            0.805283
212.222      -79.7583       -1.99337            0.805283
212.922      -79.0312       -2.76149            0.805283
213.622      -78.1674       -2.46105            0.805283
214.322      -78.1456       -2.00752            0.805283
215.022      -78.358       -2.04528            0.805283
215.722      -78.2374       -2.41213            0.805283
216.422      -77.6866       -2.55684            0.805283
217.122      -77.1663       -2.19326            0.805283
217.822      -77.0837       -1.60786            0.805283
218.522      -77.3784       -1.23415            0.805283
219.222      -77.7693       -1.19239            0.805283
219.922      -78.0593       -1.50124            0.805283
220.622      -77.8442       -2.07395            0.805283
221.322      -77.0411       -2.03555            0.805283
222.022      -76.7833       -1.38562            0.805283
222.722      -76.9686       -0.951207            0.805283
223.422      -77.2361       -0.747991            0.805283
224.122      -77.5042       -0.716004            0.805283
224.822      -77.6945       -0.86341            0.805283
225.522      -77.6041       -1.10307            0.805283
226.222      -77.3225       -1.00947            0.805283
226.922      -77.3202       -0.756131            0.805283
227.622      -77.4424       -0.643028            0.805283
228.322      -77.5284       -0.663422            0.805283
229.022      -77.4412       -0.68258            0.805283
229.722      -77.3708       -0.505958            0.805283
230.422      -77.4502       -0.336439            0.805283
231.122      -77.5635       -0.242928            0.805283
231.822      -77.664       -0.191949            0.805283
232.522      -77.7493       -0.155955            0.805283
233.222      -77.828       -0.129021            0.805283
233.922      -77.8997       -0.110353            0.805283
234.622      -77.9646       -0.0969464            0.805283
235.322      -78.0237       -0.0867958            0.805283
236.022      -78.0781       -0.0787885            0.805283
236.722      -78.1285       -0.0722763            0.805283
237.422      -78.1756       -0.0668554            0.805283
238.122      -78.2199       -0.0622592            0.805283
238.822      -78.2617       -0.0583037            0.805283
239.522      -78.3015       -0.0548575            0.805283
240.222      -78.3394       -0.0518234            0.805283
240.922      -78.3756       -0.0491282            0.805283
241.622      -78.4103       -0.0467156            0.805283
242.322      -78.4437       -0.0445412            0.805283
243.022      -78.4759       -0.0425698            0.805283
243.722      -78.507       -0.0407729            0.805283
244.422      -78.537       -0.0391272            0.805283
245.122      -78.5662       -0.0376135            0.805283
245.822      -78.5944       -0.0362159            0.805283
246.522      -78.6218       -0.0349207            0.805283
247.222      -78.6485       -0.0337167            0.805283
247.922      -78.6745       -0.032594            0.805283
248.622      -78.6999       -0.0315443            0.805283
249.322      -78.7246       -0.0305603            0.805283
250.022      -78.7487       -0.0296358            0.805283
250.722      -78.7723       -0.0287653            0.805283
251.422      -78.7954       -0.0279439            0.805283
252.122      -78.818       -0.0271674            0.805283
252.822      -78.8401       -0.026432            0.805283
253.522      -78.8618       -0.0257344            0.805283
254.222      -78.8831       -0.0250717            0.805283
254.922      -78.9039       -0.024441            0.805283
255.622      -78.9244       -0.0238401            0.805283
256.322      -78.9445       -0.0232668            0.805283
257.022      -78.9643       -0.0227191            0.805283
257.722      -78.9837       -0.0221952            0.805283
258.422      -79.0028       -0.0216937            0.805283
259.122      -79.0216       -0.0212129            0.805283
259.822      -79.0401       -0.0207517            0.805283
260.522      -79.0583       -0.0203087            0.805283
261.222      -79.0762       -0.0198828            0.805283
261.922      -79.0939       -0.0194731            0.805283
262.622      -79.1113       -0.0190786            0.805283
263.322      -79.1285       -0.0186984            0.805283
264.022      -79.1454       -0.0183317            0.805283
264.722      -79.1621       -0.0179778            0.805283
265.422      -79.1785       -0.017636            0.805283
266.122      -79.1948       -0.0173057            0.805283
266.822      -79.2108       -0.0169862            0.805283
267.522      -79.2266       -0.0166771            0.805283
268.222      -79.2422       -0.0163777            0.805283
268.922      -79.2576       -0.0160878            0.805283
269.622      -79.2729       -0.0158067            0.805283
270.322      -79.2879       -0.015534            0.805283
271.022      -79.3028       -0.0152695            0.805283
271.722      -79.3175       -0.0150127            0.805283
272.422      -79.332       -0.0147632            0.805283
273.122      -79.3464       -0.0145208            0.805283
273.822      -79.3606       -0.0142852            0.805283
274.522      -79.3747       -0.014056            0.805283
275.222      -79.3886       -0.013833            0.805283
275.922      -79.4023       -0.0136159            0.805283
276.622      -79.4159       -0.0134046            0.805283
277.322      -79.4294       -0.0131987            0.805283
278.022      -79.4427       -0.0129981            0.805283
278.722      -79.4559       -0.0128025            0.805283
279.422      -79.4689       -0.0126118            0.805283
280.122      -79.4818       -0.0124257            0.805283
280.822      -79.4946       -0.0122442            0.805283
281.522      -79.5073       -0.012067            0.805283
282.222      -79.5198       -0.011894            0.805283
282.922      -79.5323       -0.011725            0.805283
283.622      -79.5446       -0.0115599            0.805283
284.322      -79.5568       -0.0113986            0.805283
285.022      -79.5688       -0.0112409            0.805283
285.722      -79.5808       -0.0110867            0.805283
286.422      -79.5927       -0.010936            0.805283
287.122      -79.6044       -0.0107885            0.805283
287.822      -79.6161       -0.0106441            0.805283
288.522      -79.6276       -0.0105029            0.805283
289.222      -79.6391       -0.0103646            0.805283
289.922      -79.6504       -0.0102292            0.805283
290.622      -79.6617       -0.0100966            0.805283
291.322      -79.6728       -0.00996675            0.805283
292.022      -79.6839       -0.00983949            0.805283
292.722      -79.6948       -0.00971478            0.805283
293.422      -79.7057       -0.00959254            0.805283
294.122      -79.7165       -0.0094727            0.805283
294.822      -79.7272       -0.00935519            0.805283
295.522      -79.7378       -0.00923995            0.805283
296.222      -79.7484       -0.0091269            0.805283
296.922      -79.7588       -0.009016            0.805283
297.622      -79.7692       -0.00890717            0.805283
298.322      -79.7795       -0.00880037            0.805283
299.022      -79.7897       -0.00869554            0.805283
299.722      -79.7998       -0.00859262            0.805283
300.422      -79.8098       -0.00849156            0.805283
301.122      -79.8198       -0.00839232            0.805283
301.822      -79.8297       -0.00829484            0.805283
302.522      -79.8395       -0.00819909            0.805283
303.222      -79.8493       -0.00810501            0.805283
303.922      -79.859       -0.00801257            0.805283
304.622      -79.8686       -0.00792172            0.805283
305.322      -79.8781       -0.00783242            0.805283
306.022      -79.8876       -0.00774464            0.805283
306.722      -79.897       -0.00765834            0.805283
307.422      -79.9063       -0.00757348            0.805283
308.122      -79.9156       -0.00749003            0.805283
308.822      -79.9248       -0.00740795            0.805283
309.522      -79.934       -0.00732721            0.805283
310.222      -79.943       -0.00724779            0.805283
310.922      -79.9521       -0.00716964            0.805283
311.622      -79.961       -0.00709275            0.805283
312.322      -79.9699       -0.00701707            0.805283
313.022      -79.9787       -0.00694259            0.805283
313.722      -79.9875       -0.00686927            0.805283
314.422      -79.9962       -0.0067971            0.805283
315.122      -80.0049       -0.00672604            0.805283
315.822      -80.0135       -0.00665608            0.805283
316.522      -80.0221       -0.00658718            0.805283
317.222      -80.0305       -0.00651932            0.805283
317.922      -80.039       -0.00645249            0.805283
318.622      -80.0474       -0.00638665            0.805283
319.322      -80.0557       -0.0063218            0.805283
320.022      -80.064       -0.0062579            0.805283
320.722      -80.0722       -0.00619494            0.805283
321.422      -80.0804       -0.0061329            0.805283
322.122      -80.0885       -0.00607176            0.805283
322.822      -80.0966       -0.00601151            0.805283
323.522      -80.1046       -0.00595211            0.805283
324.222      -80.1126       -0.00589356            0.805283
324.922      -80.1205       -0.00583585            0.805283
325.622      -80.1284       -0.00577894            0.805283
326.322      -80.1362       -0.00572283            0.805283
327.022      -80.144       -0.0056675            0.805283
327.722      -80.1517       -0.00561294            0.805283
328.422      -80.1594       -0.00555913            0.805283
329.122      -80.1671       -0.00550606            0.805283
329.822      -80.1747       -0.00545371            0.805283
330.522      -80.1822       -0.00540206            0.805283
331.222      -80.1897       -0.00535112            0.805283
331.922      -80.1972       -0.00530085            0.805283
332.622      -80.2046       -0.00525126            0.805283
333.322      -80.212       -0.00520232            0.805283
334.022      -80.2193       -0.00515403            0.805283
334.722      -80.2266       -0.00510638            0.805283
335.422      -80.2339       -0.00505934            0.805283
336.122      -80.2411       -0.00501292            0.805283
336.822      -80.2483       -0.00496709            0.805283
337.522      -80.2554       -0.00492186            0.805283
338.222      -80.2625       -0.00487721            0.805283
338.922      -80.2696       -0.00483312            0.805283
339.622      -80.2766       -0.00478959            0.805283
340.322      -80.2836       -0.00474661            0.805283
341.022      -80.2905       -0.00470417            0.805283
341.722      -80.2974       -0.00466226            0.805283
342.422      -80.3043       -0.00462087            0.805283
343.122      -80.3111       -0.00458            0.805283
343.822      -80.3179       -0.00453963            0.805283
344.522      -80.3246       -0.00449975            0.805283
345.222      -80.3314       -0.00446036            0.805283
345.922      -80.338       -0.00442144            0.805283
346.622      -80.3447       -0.004383            0.805283
347.322      -80.3513       -0.00434502            0.805283
348.022      -80.3579       -0.0043075            0.805283
348.722      -80.3644       -0.00427043            0.805283
349.422      -80.3709       -0.00423379            0.805283
350.122      -80.3774       -0.00419759            0.805283
350.822      -80.3839       -0.00416182            0.805283
351.522      -80.3903       -0.00412646            0.805283
352.222      -80.3966       -0.00409152            0.805283
352.922      -80.403       -0.00405698            0.805283
353.622      -80.4093       -0.00402285            0.805283
354.322      -80.4156       -0.00398911            0.805283
355.022      -80.4218       -0.00395575            0.805283
355.722      -80.4281       -0.00392278            0.805283
356.422      -80.4342       -0.00389018            0.805283
357.122      -80.4404       -0.00385796            0.805283
357.822      -80.4465       -0.0038261            0.805283
358.522      -80.4526       -0.00379459            0.805283
359.222      -80.4587       -0.00376344            0.805283
359.922      -80.4647       -0.00373264            0.805283
360.622      -80.4707       -0.00370218            0.805283
361.322      -80.4767       -0.00367206            0.805283
362.022      -80.4827       -0.00364227            0.805283
362.722      -80.4886       -0.00361281            0.805283
363.422      -80.4945       -0.00358367            0.805283
364.122      -80.5003       -0.00355485            0.805283
364.822      -80.5062       -0.00352634            0.805283
365.522      -80.512       -0.00349815            0.805283
366.222      -80.5178       -0.00347025            0.805283
366.922      -80.5235       -0.00344266            0.805283
367.622      -80.5292       -0.00341536            0.805283
368.322      -80.5349       -0.00338836            0.805283
369.022      -80.5406       -0.00336164            0.805283
369.722      -80.5463       -0.0033352            0.805283
370.422      -80.5519       -0.00330905            0.805283
371.122      -80.5575       -0.00328316            0.805283
371.822      -80.563       -0.00325756            0.805283
372.522      -80.5686       -0.00323221            0.805283
373.222      -80.5741       -0.00320714            0.805283
373.922      -80.5796       -0.00318232            0.805283
374.622      -80.5851       -0.00315776            0.805283
375.322      -80.5905       -0.00313345            0.805283
376.022      -80.5959       -0.00310939            0.805283
376.722      -80.6013       -0.00308558            0.805283
377.422      -80.6067       -0.00306201            0.805283
378.122      -80.612       -0.00303868            0.805283
378.822      -80.6173       -0.00301559            0.805283
