#
#
#   Lonertzian-smoothed self-energy (both particle and hole)
#
#   k = 1.13884 fm^-1 (group = 4)     and E_F = -52.0162 MeV
#
#   Sigma^{infty} = -62.0276 MeV
#
#
#    E               Re \Sig(k,E)       Im \Sig(k,E)             k 

-255.273      -66.7379       0.0274763            1.13884
-254.573      -66.7633       0.0281517            1.13884
-253.873      -66.7892       0.0288637            1.13884
-253.173      -66.8156       0.0296164            1.13884
-252.473      -66.8425       0.0304148            1.13884
-251.773      -66.8699       0.0312648            1.13884
-251.073      -66.8978       0.0321736            1.13884
-250.373      -66.9264       0.0331499            1.13884
-249.673      -66.9556       0.0342045            1.13884
-248.973      -66.9854       0.035351            1.13884
-248.273      -67.016       0.0366065            1.13884
-247.573      -67.0475       0.037993            1.13884
-246.873      -67.0798       0.0395394            1.13884
-246.173      -67.113       0.041284            1.13884
-245.473      -67.1474       0.0432787            1.13884
-244.773      -67.1831       0.0455956            1.13884
-244.073      -67.2202       0.0483366            1.13884
-243.373      -67.259       0.0516506            1.13884
-242.673      -67.2999       0.0557615            1.13884
-241.973      -67.3432       0.0610187            1.13884
-241.273      -67.3897       0.0679903            1.13884
-240.573      -67.4402       0.0776477            1.13884
-239.873      -67.4961       0.0917507            1.13884
-239.173      -67.559       0.113711            1.13884
-238.473      -67.6308       0.150654            1.13884
-237.773      -67.7106       0.218398            1.13884
-237.073      -67.7781       0.350092            1.13884
-236.373      -67.7303       0.566298            1.13884
-235.673      -67.455       0.645728            1.13884
-234.973      -67.2981       0.44574            1.13884
-234.273      -67.3385       0.276338            1.13884
-233.573      -67.4237       0.190336            1.13884
-232.873      -67.5062       0.149638            1.13884
-232.173      -67.5765       0.130521            1.13884
-231.473      -67.6373       0.114874            1.13884
-230.773      -67.6998       0.101069            1.13884
-230.073      -67.7629       0.0928134            1.13884
-229.373      -67.8248       0.0884332            1.13884
-228.673      -67.886       0.0863525            1.13884
-227.973      -67.9468       0.0857374            1.13884
-227.273      -68.0078       0.0861477            1.13884
-226.573      -68.0696       0.0873392            1.13884
-225.873      -68.1323       0.0891726            1.13884
-225.173      -68.1964       0.0915696            1.13884
-224.473      -68.2621       0.0944919            1.13884
-223.773      -68.3297       0.0979286            1.13884
-223.073      -68.3996       0.101891            1.13884
-222.373      -68.472       0.10641            1.13884
-221.673      -68.5472       0.111536            1.13884
-220.973      -68.6256       0.117338            1.13884
-220.273      -68.7077       0.123914            1.13884
-219.573      -68.7938       0.131389            1.13884
-218.873      -68.8846       0.139932            1.13884
-218.173      -68.9806       0.149773            1.13884
-217.473      -69.0826       0.16123            1.13884
-216.773      -69.1917       0.17476            1.13884
-216.073      -69.309       0.191062            1.13884
-215.373      -69.436       0.211269            1.13884
-214.673      -69.5745       0.237394            1.13884
-213.973      -69.7266       0.273326            1.13884
-213.273      -69.8918       0.326721            1.13884
-212.573      -70.0591       0.406805            1.13884
-211.873      -70.2085       0.503209            1.13884
-211.173      -70.3292       0.588535            1.13884
-210.473      -70.4725       0.600349            1.13884
-209.773      -70.727       0.613387            1.13884
-209.073      -71.055       0.694756            1.13884
-208.373      -71.4342       0.860072            1.13884
-207.673      -71.8501       1.13077            1.13884
-206.973      -72.3127       1.54653            1.13884
-206.273      -72.7301       2.2815            1.13884
-205.573      -72.6292       3.23876            1.13884
-204.873      -72.2059       3.57055            1.13884
-204.173      -72.4311       3.75751            1.13884
-203.473      -72.7983       4.50184            1.13884
-202.773      -72.856       5.80816            1.13884
-202.073      -72.0536       7.10834            1.13884
-201.373      -71.1224       8.10938            1.13884
-200.673      -69.5083       9.44119            1.13884
-199.973      -66.2372       9.48729            1.13884
-199.273      -64.1021       6.85359            1.13884
-198.573      -64.373       4.37978            1.13884
-197.873      -65.4052       3.14138            1.13884
-197.173      -66.3766       2.75848            1.13884
-196.473      -67.0024       2.89209            1.13884
-195.773      -67.1151       3.12846            1.13884
-195.073      -67.0411       3.08207            1.13884
-194.373      -67.0814       2.95215            1.13884
-193.673      -67.1152       2.85781            1.13884
-192.973      -67.1354       2.79635            1.13884
-192.273      -67.1075       2.61045            1.13884
-191.573      -67.2622       2.49933            1.13884
-190.873      -67.2974       2.55173            1.13884
-190.173      -67.0422       2.53843            1.13884
-189.473      -66.8434       2.03612            1.13884
-188.773      -67.1218       1.53862            1.13884
-188.073      -67.5415       1.31108            1.13884
-187.373      -67.9457       1.25515            1.13884
-186.673      -68.3425       1.37725            1.13884
-185.973      -68.5126       1.75168            1.13884
-185.273      -68.1796       1.92716            1.13884
-184.573      -68.045       1.52684            1.13884
-183.873      -68.3463       1.23273            1.13884
-183.173      -68.6851       1.20356            1.13884
-182.473      -68.9213       1.23599            1.13884
-181.773      -69.1991       1.32156            1.13884
-181.073      -69.3261       1.58772            1.13884
-180.373      -69.1552       1.66475            1.13884
-179.673      -69.1694       1.39048            1.13884
-178.973      -69.5208       1.21033            1.13884
-178.273      -69.9665       1.30528            1.13884
-177.573      -70.276       1.71928            1.13884
-176.873      -70.0336       2.20248            1.13884
-176.173      -69.6165       1.97492            1.13884
-175.473      -69.789       1.57953            1.13884
-174.773      -70.1736       1.51167            1.13884
-174.073      -70.3659       1.70335            1.13884
-173.373      -70.2888       1.65585            1.13884
-172.673      -70.495       1.36576            1.13884
-171.973      -70.9452       1.2222            1.13884
-171.273      -71.449       1.28883            1.13884
-170.573      -71.8389       1.51109            1.13884
-169.873      -72.118       1.61488            1.13884
-169.173      -72.6376       1.66676            1.13884
-168.473      -73.328       1.98792            1.13884
-167.773      -73.9067       2.6569            1.13884
-167.073      -74.1769       3.29566            1.13884
-166.373      -74.8257       3.8482            1.13884
-165.673      -75.7638       5.36303            1.13884
-164.973      -75.4615       8.33187            1.13884
-164.273      -72.1049       10.3205            1.13884
-163.573      -69.072       8.72178            1.13884
-162.873      -68.7715       6.52358            1.13884
-162.173      -69.4875       5.76559            1.13884
-161.473      -69.8869       5.85314            1.13884
-160.773      -69.5585       6.32615            1.13884
-160.073      -68.7533       6.07301            1.13884
-159.373      -68.0501       5.6102            1.13884
-158.673      -67.4445       4.27654            1.13884
-157.973      -67.9622       2.87241            1.13884
-157.273      -68.8761       2.08352            1.13884
-156.573      -69.7791       1.68286            1.13884
-155.873      -70.62       1.48562            1.13884
-155.173      -71.4206       1.4093            1.13884
-154.473      -72.2106       1.42472            1.13884
-153.773      -73.014       1.53727            1.13884
-153.073      -73.8278       1.78897            1.13884
-152.373      -74.5408       2.21857            1.13884
-151.673      -75.0251       2.56256            1.13884
-150.973      -75.7596       2.6802            1.13884
-150.273      -76.8308       3.11013            1.13884
-149.573      -77.7675       4.03036            1.13884
-148.873      -78.254       4.82637            1.13884
-148.173      -79.3242       5.31334            1.13884
-147.473      -80.9812       6.74395            1.13884
-146.773      -82.1174       9.36138            1.13884
-146.073      -82.409       12.7718            1.13884
-145.373      -80.318       17.2826            1.13884
-144.673      -74.7988       18.2663            1.13884
-143.973      -72.7643       15.4902            1.13884
-143.273      -73.2929       14.6144            1.13884
-142.573      -73.1216       15.2618            1.13884
-141.873      -72.3899       15.5844            1.13884
-141.173      -71.1999       15.9333            1.13884
-140.473      -70.2909       14.9068            1.13884
-139.773      -71.0657       14.6511            1.13884
-139.073      -70.601       16.1815            1.13884
-138.373      -68.5498       15.7079            1.13884
-137.673      -68.7907       14.1977            1.13884
-136.973      -70.039       14.5655            1.13884
-136.273      -69.9328       16.2523            1.13884
-135.573      -68.3917       17.5611            1.13884
-134.873      -66.1488       17.0695            1.13884
-134.173      -65.8056       15.7745            1.13884
-133.473      -65.8807       16.0627            1.13884
-132.773      -64.3615       16.1257            1.13884
-132.073      -63.7263       14.6831            1.13884
-131.373      -64.2432       13.8982            1.13884
-130.673      -65.1269       14.2178            1.13884
-129.973      -64.6372       15.909            1.13884
-129.273      -62.2176       16.3588            1.13884
-128.573      -60.5361       14.6401            1.13884
-127.873      -60.4972       13.4914            1.13884
-127.173      -59.4614       12.8027            1.13884
-126.473      -59.0392       10.5011            1.13884
-125.773      -60.2932       8.90558            1.13884
-125.073      -61.172       8.34839            1.13884
-124.373      -62.1701       7.17405            1.13884
-123.673      -64.4011       6.55253            1.13884
-122.973      -67.1543       7.31635            1.13884
-122.273      -69.9512       9.94211            1.13884
-121.573      -71.5012       15.6617            1.13884
-120.873      -66.6141       23.955            1.13884
-120.173      -54.5348       23.43            1.13884
-119.473      -50.1546       14.9034            1.13884
-118.773      -51.6793       9.22751            1.13884
-118.073      -54.124       6.6497            1.13884
-117.373      -56.0096       5.93333            1.13884
-116.673      -56.4459       5.85534            1.13884
-115.973      -56.3618       4.62072            1.13884
-115.273      -57.2308       3.20859            1.13884
-114.573      -58.3895       2.3597            1.13884
-113.873      -59.4676       1.87218            1.13884
-113.173      -60.4232       1.57295            1.13884
-112.473      -61.2785       1.37857            1.13884
-111.773      -62.0597       1.24882            1.13884
-111.073      -62.7887       1.16323            1.13884
-110.373      -63.4832       1.11113            1.13884
-109.673      -64.1578       1.08757            1.13884
-108.973      -64.8255       1.0914            1.13884
-108.273      -65.4993       1.12464            1.13884
-107.573      -66.1926       1.19679            1.13884
-106.873      -66.9104       1.32271            1.13884
-106.173      -67.6611       1.50361            1.13884
-105.473      -68.4974       1.77893            1.13884
-104.773      -69.4069       2.28603            1.13884
-104.073      -70.1732       3.16233            1.13884
-103.373      -70.4331       4.04833            1.13884
-102.673      -70.873       4.57055            1.13884
-101.973      -71.5133       5.58787            1.13884
-101.273      -71.8589       6.83501            1.13884
-100.573      -72.2142       8.89461            1.13884
-99.8732      -70.2147       11.9048            1.13884
-99.1732      -66.1706       11.8154            1.13884
-98.4732      -64.0022       9.09106            1.13884
-97.7732      -64.4332       6.29974            1.13884
-97.0732      -66.0466       4.99165            1.13884
-96.3732      -67.553       5.02819            1.13884
-95.6732      -67.9653       5.74496            1.13884
-94.9732      -67.6344       5.40879            1.13884
-94.2732      -68.1618       4.62603            1.13884
-93.5732      -68.9848       4.03228            1.13884
-92.8732      -70.1743       3.5441            1.13884
-92.1732      -71.5922       3.30532            1.13884
-91.4732      -73.242       3.28592            1.13884
-90.7732      -75.1061       3.53536            1.13884
-90.0732      -77.2109       4.05593            1.13884
-89.3732      -79.6556       4.9037            1.13884
-88.6732      -82.5885       6.22901            1.13884
-87.9732      -86.2117       8.34301            1.13884
-87.2732      -90.7714       11.891            1.13884
-86.5732      -96.3879       18.2841            1.13884
-85.8732      -101.982       30.6303            1.13884
-85.1732      -100.19       53.4331            1.13884
-84.4732      -72.562       74.4849            1.13884
-84.3532      -65.6828       74.6467            1.13884
-84.2332      -59.0366       73.4396            1.13884
-84.1132      -52.9996       71.0296            1.13884
-83.9932      -47.8426       67.6961            1.13884
-83.8732      -43.7036       63.7678            1.13884
-83.7532      -40.5972       59.5612            1.13884
-83.6332      -38.4472       55.341            1.13884
-83.5132      -37.1243       51.3037            1.13884
-83.3932      -36.4794       47.5799            1.13884
-83.2732      -36.3645       44.2458            1.13884
-83.1532      -36.645       41.3374            1.13884
-83.0332      -37.204       38.8643            1.13884
-82.9132      -37.9417       36.8192            1.13884
-82.7932      -38.7724       35.1849            1.13884
-82.6732      -39.621       33.9383            1.13884
-82.5532      -40.419       33.0513            1.13884
-82.4332      -41.1016       32.4898            1.13884
-82.3132      -41.6068       32.2111            1.13884
-82.1932      -41.8757       32.1599            1.13884
-82.0732      -41.8574       32.2645            1.13884
-81.9532      -41.5161       32.4348            1.13884
-81.8332      -40.8422       32.5649            1.13884
-81.7132      -39.8617       32.543            1.13884
-81.5932      -38.642       32.2672            1.13884
-81.4732      -37.2867       31.6655            1.13884
-81.3532      -35.9194       30.7113            1.13884
-81.2332      -34.6607       29.4278            1.13884
-81.1132      -33.6063       27.8797            1.13884
-80.9932      -32.8144       26.1545            1.13884
-80.8732      -32.3039       24.3436            1.13884
-80.7532      -32.0631       22.5269            1.13884
-80.6332      -32.06       20.7656            1.13884
-80.5132      -32.2536       19.1003            1.13884
-80.3932      -32.6015       17.5544            1.13884
-80.2732      -33.0648       16.1375            1.13884
-80.1532      -33.6105       14.8502            1.13884
-80.0332      -34.2115       13.6869            1.13884
-79.9132      -34.8468       12.6391            1.13884
-79.7932      -35.5001       11.6967            1.13884
-79.6732      -36.1596       10.8491            1.13884
-79.5532      -36.8165       10.0863            1.13884
-79.4332      -37.4645       9.39882            1.13884
-79.3132      -38.0994       8.77807            1.13884
-79.1932      -38.7181       8.21638            1.13884
-79.0732      -39.319       7.70694            1.13884
-78.9532      -39.9009       7.24377            1.13884
-78.8332      -40.4634       6.82162            1.13884
-78.7132      -41.0064       6.4359            1.13884
-78.5932      -41.5302       6.0826            1.13884
-78.4732      -42.035       5.75823            1.13884
-78.3532      -42.5215       5.45971            1.13884
-78.2332      -42.9903       5.18437            1.13884
-78.1132      -43.4422       4.92984            1.13884
-77.9932      -43.8777       4.69407            1.13884
-77.8732      -44.2976       4.47521            1.13884
-77.7532      -44.7026       4.27168            1.13884
-77.6332      -45.0934       4.08203            1.13884
-77.5132      -45.4707       3.90502            1.13884
-77.3932      -45.8351       3.73951            1.13884
-77.2732      -46.1873       3.58451            1.13884
-77.1532      -46.5278       3.43911            1.13884
-77.0332      -46.8572       3.30253            1.13884
-76.9132      -47.176       3.17403            1.13884
-76.7932      -47.4848       3.05298            1.13884
-76.6732      -47.784       2.9388            1.13884
-76.5532      -48.0741       2.83095            1.13884
-76.4332      -48.3554       2.72896            1.13884
-76.3132      -48.6285       2.63241            1.13884
-76.1932      -48.8936       2.54089            1.13884
-76.0732      -49.1512       2.45405            1.13884
-75.9532      -49.4016       2.37156            1.13884
-75.8332      -49.645       2.29314            1.13884
-75.7132      -49.8819       2.2185            1.13884
-75.5932      -50.1125       2.1474            1.13884
-75.4732      -50.337       2.0796            1.13884
-75.3532      -50.5558       2.01491            1.13884
-75.2332      -50.769       1.95312            1.13884
-75.1132      -50.9769       1.89405            1.13884
-74.9932      -51.1798       1.83755            1.13884
-74.8732      -51.3777       1.78345            1.13884
-74.7532      -51.571       1.73163            1.13884
-74.6332      -51.7598       1.68194            1.13884
-74.5132      -51.9443       1.63426            1.13884
-74.3932      -52.1246       1.58849            1.13884
-74.2732      -52.3009       1.54451            1.13884
-74.1532      -52.4734       1.50224            1.13884
-74.0332      -52.6421       1.46158            1.13884
-73.9132      -52.8074       1.42244            1.13884
-73.7932      -52.9692       1.38474            1.13884
-73.6732      -53.1276       1.34842            1.13884
-73.5532      -53.2829       1.31339            1.13884
-73.4332      -53.4352       1.27961            1.13884
-73.3132      -53.5844       1.24699            1.13884
-73.1932      -53.7308       1.2155            1.13884
-73.0732      -53.8745       1.18507            1.13884
-72.9532      -54.0154       1.15565            1.13884
-72.8332      -54.1538       1.1272            1.13884
-72.7132      -54.2898       1.09967            1.13884
-72.5932      -54.4233       1.07302            1.13884
-72.4732      -54.5544       1.04721            1.13884
-72.3532      -54.6834       1.02219            1.13884
-72.2332      -54.8101       0.997946            1.13884
-72.1132      -54.9348       0.974431            1.13884
-71.9932      -55.0574       0.951615            1.13884
-71.8732      -55.178       0.92947            1.13884
-71.7532      -55.2967       0.907966            1.13884
-71.6332      -55.4135       0.887076            1.13884
-71.5132      -55.5286       0.866776            1.13884
-71.3932      -55.6419       0.847039            1.13884
-71.2732      -55.7535       0.827844            1.13884
-71.1532      -55.8635       0.809168            1.13884
-71.0332      -55.9719       0.79099            1.13884
-70.9132      -56.0788       0.773291            1.13884
-70.7932      -56.1842       0.756052            1.13884
-70.6732      -56.2881       0.739254            1.13884
-70.5532      -56.3906       0.722881            1.13884
-70.4332      -56.4917       0.706916            1.13884
-70.3132      -56.5915       0.691343            1.13884
-70.1932      -56.6901       0.676148            1.13884
-70.0732      -56.7873       0.661316            1.13884
-69.9532      -56.8834       0.646834            1.13884
-69.8332      -56.9783       0.632689            1.13884
-69.7132      -57.072       0.618868            1.13884
-69.5932      -57.1646       0.60536            1.13884
-69.4732      -57.2561       0.592152            1.13884
-69.3532      -57.3466       0.579235            1.13884
-69.2332      -57.436       0.566598            1.13884
-69.1132      -57.5245       0.55423            1.13884
-68.9932      -57.612       0.542122            1.13884
-68.8732      -57.6985       0.530265            1.13884
-68.7532      -57.7841       0.51865            1.13884
-68.6332      -57.8689       0.507268            1.13884
-68.5132      -57.9528       0.496111            1.13884
-68.3932      -58.0358       0.485172            1.13884
-68.2732      -58.118       0.474443            1.13884
-68.1532      -58.1994       0.463916            1.13884
-68.0332      -58.2801       0.453584            1.13884
-67.9132      -58.36       0.443441            1.13884
-67.7932      -58.4391       0.433481            1.13884
-67.6732      -58.5176       0.423696            1.13884
-67.5532      -58.5954       0.414081            1.13884
-67.4332      -58.6725       0.404631            1.13884
-67.3132      -58.7489       0.395338            1.13884
-67.1932      -58.8247       0.386199            1.13884
-67.0732      -58.8999       0.377207            1.13884
-66.9532      -58.9745       0.368357            1.13884
-66.8332      -59.0485       0.359645            1.13884
-66.7132      -59.1219       0.351066            1.13884
-66.5932      -59.1948       0.342615            1.13884
-66.4732      -59.2672       0.334288            1.13884
-66.3532      -59.3391       0.32608            1.13884
-66.2332      -59.4104       0.317987            1.13884
-66.1132      -59.4813       0.310005            1.13884
-65.9932      -59.5516       0.30213            1.13884
-65.8732      -59.6216       0.294359            1.13884
-65.7532      -59.691       0.286686            1.13884
-65.6332      -59.7601       0.27911            1.13884
-65.5132      -59.8287       0.271625            1.13884
-65.3932      -59.897       0.26423            1.13884
-65.2732      -59.9648       0.256919            1.13884
-65.1532      -60.0323       0.249691            1.13884
-65.0332      -60.0994       0.242542            1.13884
-64.9132      -60.1661       0.235468            1.13884
-64.7932      -60.2325       0.228467            1.13884
-64.6732      -60.2986       0.221535            1.13884
-64.5532      -60.3643       0.21467            1.13884
-64.4332      -60.4298       0.207869            1.13884
-64.3132      -60.4949       0.201129            1.13884
-64.1932      -60.5598       0.194447            1.13884
-64.0732      -60.6244       0.18782            1.13884
-63.9532      -60.6888       0.181247            1.13884
-63.8332      -60.7529       0.174723            1.13884
-63.7132      -60.8167       0.168248            1.13884
-63.5932      -60.8803       0.161817            1.13884
-63.4732      -60.9437       0.155429            1.13884
-63.3532      -61.0069       0.149081            1.13884
-63.2332      -61.0699       0.142771            1.13884
-63.1132      -61.1328       0.136496            1.13884
-62.9932      -61.1954       0.130254            1.13884
-62.8732      -61.2579       0.124042            1.13884
-62.7532      -61.3202       0.117859            1.13884
-62.6332      -61.3824       0.111702            1.13884
-62.5132      -61.4444       0.105569            1.13884
-62.3932      -61.5063       0.0994563            1.13884
-62.2732      -61.5681       0.0933631            1.13884
-62.1532      -61.6298       0.0872868            1.13884
-62.0332      -61.6913       0.0812251            1.13884
-61.9132      -61.7528       0.0751758            1.13884
-61.7932      -61.8142       0.0691366            1.13884
-61.6732      -61.8756       0.0631052            1.13884
-61.5532      -61.9369       0.0570795            1.13884
-61.4332      -61.9981       0.0510572            1.13884
-61.3132      -62.0593       0.0450361            1.13884
-61.1932      -62.1205       0.0390138            1.13884
-61.0732      -62.1816       0.0329882            1.13884
-60.9532      -62.2428       0.026957            1.13884
-60.8332      -62.3039       0.0209179            1.13884
-60.7132      -62.365       0.0148685            1.13884
-60.5932      -62.4262       0.00880658            1.13884
-60.4732      -62.4874       0.00272977            1.13884
-60.3532      -62.5486       -0.00336432            1.13884
-60.2332      -62.6099       -0.00947808            1.13884
-60.1132      -62.6712       -0.0156139            1.13884
-59.9932      -62.7326       -0.0217744            1.13884
-59.8732      -62.7941       -0.0279618            1.13884
-59.7532      -62.8557       -0.0341789            1.13884
-59.6332      -62.9173       -0.0404281            1.13884
-59.5132      -62.9791       -0.0467122            1.13884
-59.3932      -63.041       -0.0530337            1.13884
-59.2732      -63.103       -0.0593953            1.13884
-59.1532      -63.1652       -0.0658            1.13884
-59.0332      -63.2275       -0.0722504            1.13884
-58.9132      -63.29       -0.0787495            1.13884
-58.7932      -63.3527       -0.0853002            1.13884
-58.6732      -63.4155       -0.0919056            1.13884
-58.5532      -63.4786       -0.0985688            1.13884
-58.4332      -63.5418       -0.105293            1.13884
-58.3132      -63.6053       -0.112081            1.13884
-58.1932      -63.669       -0.118937            1.13884
-58.0732      -63.733       -0.125864            1.13884
-57.9532      -63.7972       -0.132865            1.13884
-57.8332      -63.8617       -0.139945            1.13884
-57.7132      -63.9264       -0.147106            1.13884
-57.5932      -63.9915       -0.154353            1.13884
-57.4732      -64.0569       -0.16169            1.13884
-57.3532      -64.1226       -0.169121            1.13884
-57.2332      -64.1886       -0.17665            1.13884
-57.1132      -64.255       -0.184281            1.13884
-56.9932      -64.3218       -0.19202            1.13884
-56.8732      -64.389       -0.19987            1.13884
-56.7532      -64.4565       -0.207837            1.13884
-56.6332      -64.5245       -0.215925            1.13884
-56.5132      -64.5929       -0.22414            1.13884
-56.3932      -64.6618       -0.232487            1.13884
-56.2732      -64.7311       -0.240972            1.13884
-56.1532      -64.8009       -0.2496            1.13884
-56.0332      -64.8712       -0.258378            1.13884
-55.9132      -64.9421       -0.267313            1.13884
-55.7932      -65.0134       -0.276409            1.13884
-55.6732      -65.0854       -0.285675            1.13884
-55.5532      -65.1579       -0.295117            1.13884
-55.4332      -65.231       -0.304743            1.13884
-55.3132      -65.3047       -0.314561            1.13884
-55.1932      -65.3791       -0.324577            1.13884
-55.0732      -65.4542       -0.334802            1.13884
-54.9532      -65.5299       -0.345243            1.13884
-54.8332      -65.6064       -0.35591            1.13884
-54.7132      -65.6836       -0.366813            1.13884
-54.5932      -65.7616       -0.37796            1.13884
-54.4732      -65.8403       -0.389364            1.13884
-54.3532      -65.9199       -0.401034            1.13884
-54.3532       0       0


-49.7967       0       0
-49.7967      -69.9741       -1.24289            1.13884
-49.6767      -70.1256       -1.28542            1.13884
-49.5567      -70.2808       -1.32994            1.13884
-49.4367      -70.4399       -1.37657            1.13884
-49.3167      -70.6031       -1.42545            1.13884
-49.1967      -70.7706       -1.47673            1.13884
-49.0767      -70.9425       -1.53059            1.13884
-48.9567      -71.1191       -1.58719            1.13884
-48.8367      -71.3005       -1.64673            1.13884
-48.7167      -71.4872       -1.70943            1.13884
-48.5967      -71.6792       -1.77551            1.13884
-48.4767      -71.8769       -1.84523            1.13884
-48.3567      -72.0805       -1.91887            1.13884
-48.2367      -72.2904       -1.99671            1.13884
-48.1167      -72.5069       -2.07911            1.13884
-47.9967      -72.7303       -2.16642            1.13884
-47.8767      -72.961       -2.25903            1.13884
-47.7567      -73.1994       -2.3574            1.13884
-47.6367      -73.4459       -2.462            1.13884
-47.5167      -73.7009       -2.57338            1.13884
-47.3967      -73.9649       -2.69212            1.13884
-47.2767      -74.2385       -2.81891            1.13884
-47.1567      -74.522       -2.95446            1.13884
-47.0367      -74.8162       -3.09959            1.13884
-46.9167      -75.1216       -3.25523            1.13884
-46.7967      -75.4388       -3.4224            1.13884
-46.6767      -75.7685       -3.60223            1.13884
-46.5567      -76.1114       -3.79603            1.13884
-46.4367      -76.4682       -4.00523            1.13884
-46.3167      -76.8398       -4.23149            1.13884
-46.1967      -77.2269       -4.47664            1.13884
-46.0767      -77.6303       -4.74278            1.13884
-45.9567      -78.0508       -5.03231            1.13884
-45.8367      -78.4894       -5.34792            1.13884
-45.7167      -78.9469       -5.69271            1.13884
-45.5967      -79.4239       -6.07022            1.13884
-45.4767      -79.9213       -6.48451            1.13884
-45.3567      -80.4396       -6.94022            1.13884
-45.2367      -80.9792       -7.4427            1.13884
-45.1167      -81.5402       -7.9981            1.13884
-44.9967      -82.1222       -8.61352            1.13884
-44.8767      -82.7244       -9.29711            1.13884
-44.7567      -83.3451       -10.0583            1.13884
-44.6367      -83.9815       -10.9079            1.13884
-44.5167      -84.6294       -11.8582            1.13884
-44.3967      -85.2823       -12.9235            1.13884
-44.2767      -85.9313       -14.1196            1.13884
-44.1567      -86.5637       -15.4643            1.13884
-44.0367      -87.162       -16.977            1.13884
-43.9167      -87.7024       -18.6782            1.13884
-43.7967      -88.153       -20.5887            1.13884
-43.6767      -88.4718       -22.7274            1.13884
-43.5567      -88.6047       -25.1086            1.13884
-43.4367      -88.4836       -27.7376            1.13884
-43.3167      -88.0258       -30.6038            1.13884
-43.1967      -87.1358       -33.6724            1.13884
-43.0767      -85.712       -36.8744            1.13884
-42.9567      -83.6585       -40.0968            1.13884
-42.8367      -80.9055       -43.1784            1.13884
-42.7167      -77.4349       -45.9147            1.13884
-42.5967      -73.3061       -48.0786            1.13884
-42.4767      -68.6708       -49.4584            1.13884
-42.3567      -63.7649       -49.9033            1.13884
-42.2367      -58.8744       -49.3621            1.13884
-42.1167      -54.2823       -47.8976            1.13884
-41.9967      -50.2169       -45.6687            1.13884
-41.8767      -46.8202       -42.8912            1.13884
-41.7567      -44.1427       -39.7909            1.13884
-41.6367      -42.1598       -36.5688            1.13884
-41.5167      -40.7976       -33.3811            1.13884
-41.3967      -39.959       -30.3358            1.13884
-41.2767      -39.5425       -27.498            1.13884
-41.1567      -39.4537       -24.8994            1.13884
-41.0367      -39.6115       -22.5487            1.13884
-40.9167      -39.9493       -20.4393            1.13884
-40.7967      -40.4141       -18.5564            1.13884
-40.6767      -40.9653       -16.8807            1.13884
-40.5567      -41.5719       -15.3913            1.13884
-40.4367      -42.2108       -14.068            1.13884
-40.3167      -42.865       -12.8913            1.13884
-40.1967      -43.5224       -11.8438            1.13884
-40.0767      -44.1742       -10.9096            1.13884
-39.9567      -44.8143       -10.0749            1.13884
-39.8367      -45.4386       -9.32743            1.13884
-39.7167      -46.0445       -8.65656            1.13884
-39.5967      -46.6304       -8.05302            1.13884
-39.4767      -47.1954       -7.50875            1.13884
-39.3567      -47.7394       -7.01677            1.13884
-39.2367      -48.2624       -6.57102            1.13884
-39.1167      -48.7649       -6.16624            1.13884
-38.9967      -49.2474       -5.79784            1.13884
-38.8767      -49.7107       -5.46183            1.13884
-38.7567      -50.1556       -5.15472            1.13884
-38.6367      -50.5828       -4.87346            1.13884
-38.5167      -50.9933       -4.61539            1.13884
-38.3967      -51.3879       -4.37815            1.13884
-38.2767      -51.7673       -4.15968            1.13884
-38.1567      -52.1326       -3.95816            1.13884
-38.0367      -52.4843       -3.77197            1.13884
-37.9167      -52.8232       -3.59968            1.13884
-37.7967      -53.1501       -3.44003            1.13884
-37.6767      -53.4656       -3.29188            1.13884
-37.5567      -53.7703       -3.15424            1.13884
-37.4367      -54.0649       -3.0262            1.13884
-37.3167      -54.3499       -2.90695            1.13884
-37.1967      -54.6259       -2.79577            1.13884
-37.0767      -54.8934       -2.69202            1.13884
-36.9567      -55.1528       -2.59511            1.13884
-36.8367      -55.4045       -2.50451            1.13884
-36.7167      -55.6491       -2.41975            1.13884
-36.5967      -55.8869       -2.34039            1.13884
-36.4767      -56.1183       -2.26606            1.13884
-36.3567      -56.3436       -2.19639            1.13884
-36.2367      -56.5632       -2.13107            1.13884
-36.1167      -56.7774       -2.06981            1.13884
-35.9967      -56.9865       -2.01233            1.13884
-35.8767      -57.1908       -1.95841            1.13884
-35.7567      -57.3905       -1.90782            1.13884
-35.6367      -57.586       -1.86036            1.13884
-35.5167      -57.7773       -1.81585            1.13884
-35.3967      -57.9649       -1.77412            1.13884
-35.2767      -58.1488       -1.73503            1.13884
-35.1567      -58.3294       -1.69844            1.13884
-35.0367      -58.5067       -1.66422            1.13884
-34.9167      -58.6811       -1.63226            1.13884
-34.7967      -58.8526       -1.60245            1.13884
-34.6767      -59.0215       -1.57471            1.13884
-34.5567      -59.188       -1.54895            1.13884
-34.4367      -59.3521       -1.5251            1.13884
-34.3167      -59.5141       -1.50309            1.13884
-34.1967      -59.674       -1.48286            1.13884
-34.0767      -59.8322       -1.46437            1.13884
-33.9567      -59.9886       -1.44757            1.13884
-33.8367      -60.1435       -1.43242            1.13884
-33.7167      -60.297       -1.4189            1.13884
-33.5967      -60.4492       -1.40698            1.13884
-33.4767      -60.6002       -1.39665            1.13884
-33.3567      -60.7502       -1.38791            1.13884
-33.2367      -60.8994       -1.38075            1.13884
-33.1167      -61.0477       -1.37518            1.13884
-32.9967      -61.1955       -1.37121            1.13884
-32.8767      -61.3428       -1.36888            1.13884
-32.7567      -61.4897       -1.36821            1.13884
-32.6367      -61.6363       -1.36924            1.13884
-32.5167      -61.7829       -1.37204            1.13884
-32.3967      -61.9295       -1.37666            1.13884
-32.2767      -62.0763       -1.38317            1.13884
-32.1567      -62.2233       -1.39168            1.13884
-32.0367      -62.3708       -1.40229            1.13884
-31.9167      -62.5188       -1.41513            1.13884
-31.7967      -62.6676       -1.43033            1.13884
-31.6767      -62.8171       -1.44806            1.13884
-31.5567      -62.9677       -1.46853            1.13884
-31.4367      -63.1194       -1.49195            1.13884
-31.3167      -63.2723       -1.51857            1.13884
-31.1967      -63.4266       -1.5487            1.13884
-31.0767      -63.5823       -1.58267            1.13884
-30.9567      -63.7397       -1.62087            1.13884
-30.8367      -63.8987       -1.66377            1.13884
-30.7167      -64.0594       -1.71186            1.13884
-30.5967      -64.2219       -1.76575            1.13884
-30.4767      -64.386       -1.82612            1.13884
-30.3567      -64.5515       -1.89374            1.13884
-30.2367      -64.7184       -1.9695            1.13884
-30.1167      -64.886       -2.05438            1.13884
-29.9967      -65.0538       -2.14946            1.13884
-29.8767      -65.2209       -2.25594            1.13884
-29.7567      -65.386       -2.37503            1.13884
-29.6367      -65.5474       -2.50794            1.13884
-29.5167      -65.7027       -2.65576            1.13884
-29.3967      -65.8491       -2.81923            1.13884
-29.2767      -65.983       -2.99849            1.13884
-29.1567      -66.1       -3.19273            1.13884
-29.0367      -66.1953       -3.3997            1.13884
-28.9167      -66.2643       -3.61528            1.13884
-28.7967      -66.3031       -3.83316            1.13884
-28.6767      -66.3099       -4.04497            1.13884
-28.5567      -66.2859       -4.241            1.13884
-28.4367      -66.2364       -4.41171            1.13884
-28.3167      -66.1706       -4.54975            1.13884
-28.1967      -66.1004       -4.65183            1.13884
-28.0767      -66.0381       -4.71964            1.13884
-27.9567      -65.9941       -4.75948            1.13884
-27.8367      -65.975       -4.78059            1.13884
-27.7167      -65.9834       -4.79313            1.13884
-27.5967      -66.0177       -4.8062            1.13884
-27.4767      -66.0741       -4.82659            1.13884
-27.3567      -66.1478       -4.85832            1.13884
-27.2367      -66.2341       -4.90291            1.13884
-27.1167      -66.3299       -4.96023            1.13884
-26.9967      -66.4338       -5.02971            1.13884
-26.8767      -66.5457       -5.11147            1.13884
-26.7567      -66.6663       -5.20696            1.13884
-26.6367      -66.7957       -5.31902            1.13884
-26.5167      -66.9326       -5.45118            1.13884
-26.3967      -67.0747       -5.60689            1.13884
-26.2767      -67.2185       -5.78878            1.13884
-26.1567      -67.3605       -5.99854            1.13884
-26.0367      -67.4974       -6.23733            1.13884
-25.9167      -67.627       -6.50662            1.13884
-25.7967      -67.7469       -6.8091            1.13884
-25.6767      -67.8538       -7.14926            1.13884
-25.5567      -67.942       -7.53308            1.13884
-25.4367      -68.0017       -7.96692            1.13884
-25.3167      -68.0186       -8.45569            1.13884
-25.1967      -67.9736       -9.00061            1.13884
-25.0767      -67.8436       -9.59668            1.13884
-24.9567      -67.6035       -10.2303            1.13884
-24.8367      -67.2295       -10.8769            1.13884
-24.7167      -66.7037       -11.5007            1.13884
-24.5967      -66.0204       -12.0552            1.13884
-24.4767      -65.1917       -12.489            1.13884
-24.3567      -64.2507       -12.754            1.13884
-24.2367      -63.2496       -12.8156            1.13884
-24.1167      -62.2521       -12.6622            1.13884
-23.9967      -61.321       -12.3071            1.13884
-23.8767      -60.5071       -11.7854            1.13884
-23.7567      -59.8419       -11.1447            1.13884
-23.6367      -59.3368       -10.4348            1.13884
-23.5167      -58.9865       -9.70008            1.13884
-23.3967      -58.7752       -8.97511            1.13884
-23.2767      -58.6819       -8.28413            1.13884
-23.1567      -58.6841       -7.64202            1.13884
-23.0367      -58.7611       -7.05638            1.13884
-22.9167      -58.8949       -6.52967            1.13884
-22.7967      -59.0706       -6.06099            1.13884
-22.6767      -59.2761       -5.64756            1.13884
-22.5567      -59.5022       -5.28571            1.13884
-22.4367      -59.7417       -4.97153            1.13884
-22.3167      -59.9889       -4.70127            1.13884
-22.1967      -60.2392       -4.47148            1.13884
-22.0767      -60.4889       -4.27908            1.13884
-21.9567      -60.7347       -4.12134            1.13884
-21.8367      -60.9734       -3.99578            1.13884
-21.7167      -61.2018       -3.90005            1.13884
-21.5967      -61.4169       -3.83173            1.13884
-21.4767      -61.6149       -3.78805            1.13884
-21.3567      -61.7924       -3.76554            1.13884
-21.2367      -61.9457       -3.75969            1.13884
-21.1167      -62.0716       -3.7646            1.13884
-20.9967      -62.1684       -3.77289            1.13884
-20.8767      -62.2364       -3.77602            1.13884
-20.7567      -62.2787       -3.7652            1.13884
-20.6367      -62.3019       -3.73279            1.13884
-20.5167      -62.3152       -3.67386            1.13884
-20.3967      -62.3286       -3.58728            1.13884
-20.2767      -62.3519       -3.47586            1.13884
-20.1567      -62.3922       -3.34541            1.13884
-20.0367      -62.4536       -3.20322            1.13884
-19.9167      -62.5372       -3.05658            1.13884
-19.7967      -62.6416       -2.91164            1.13884
-19.6767      -62.7642       -2.773            1.13884
-19.5567      -62.9015       -2.64363            1.13884
-19.4367      -63.0504       -2.52518            1.13884
-19.3167      -63.2079       -2.41828            1.13884
-19.1967      -63.3714       -2.32289            1.13884
-19.0767      -63.5388       -2.23854            1.13884
-18.3767      -64.5289       -1.92565            1.13884
-17.6767      -65.4699       -1.79395            1.13884
-16.9767      -66.4078       -1.72726            1.13884
-16.2767      -67.3957       -1.73909            1.13884
-15.5767      -68.4389       -1.83478            1.13884
-14.8767      -69.5614       -2.01279            1.13884
-14.1767      -70.8009       -2.28649            1.13884
-13.4767      -72.2072       -2.68826            1.13884
-12.7767      -73.8474       -3.27875            1.13884
-12.0767      -75.814       -4.16964            1.13884
-11.3767      -78.2333       -5.57551            1.13884
-10.6767      -81.2559       -7.9366            1.13884
-9.97675      -84.9246       -12.2184            1.13884
-9.27675      -88.369       -20.5323            1.13884
-8.57675      -86.1503       -35.5825            1.13884
-7.87675      -66.6062       -47.3277            1.13884
-7.17675      -47.4304       -35.7378            1.13884
-6.47675      -45.7024       -21.2998            1.13884
-5.77675      -49.714       -13.7921            1.13884
-5.07675      -54.1681       -10.7084            1.13884
-4.37675      -58.0761       -10.4292            1.13884
-3.67675      -60.6387       -12.5892            1.13884
-2.97675      -60.1921       -16.4963            1.13884
-2.27675      -54.5405       -18.4123            1.13884
-1.57675      -50.1122       -13.3809            1.13884
-0.876747      -50.9474       -8.35123            1.13884
-0.176747      -53.1928       -5.63582            1.13884
0.523253      -55.3832       -4.24576            1.13884
1.22325      -57.3376       -3.52821            1.13884
1.92325      -59.1185       -3.20284            1.13884
2.62325      -60.8148       -3.17565            1.13884
3.32325      -62.4997       -3.47664            1.13884
4.02325      -64.1674       -4.28599            1.13884
4.72325      -65.4275       -5.92662            1.13884
5.42325      -65.1262       -7.81869            1.13884
6.12325      -64.3193       -7.96109            1.13884
6.82325      -64.6377       -7.7972            1.13884
7.52325      -65.4742       -7.88973            1.13884
8.22325      -66.7888       -8.73171            1.13884
8.92325      -67.9166       -10.9648            1.13884
9.62325      -66.9874       -14.3285            1.13884
10.3233      -63.7507       -16.1666            1.13884
11.0233      -59.8662       -15.3406            1.13884
11.7233      -58.4328       -11.8125            1.13884
12.4233      -59.8092       -9.37255            1.13884
13.1233      -61.9731       -8.48127            1.13884
13.8233      -64.4313       -9.1952            1.13884
14.5233      -66.0144       -11.7915            1.13884
15.2233      -65.3819       -15.187            1.13884
15.9233      -62.462       -17.4725            1.13884
16.6233      -58.7812       -17.5652            1.13884
17.3233      -56.1771       -15.1205            1.13884
18.0233      -55.8622       -12.9917            1.13884
18.7233      -55.7712       -11.2253            1.13884
19.4233      -56.9513       -9.82787            1.13884
20.1233      -57.8673       -10.4666            1.13884
20.8233      -56.1984       -10.6178            1.13884
21.5233      -55.5127       -7.96066            1.13884
22.2233      -57.1117       -5.81504            1.13884
22.9233      -59.2999       -4.93711            1.13884
23.6233      -61.5409       -4.97687            1.13884
24.3233      -63.6793       -5.94451            1.13884
25.0233      -65.0122       -8.07305            1.13884
25.7233      -64.1619       -9.85409            1.13884
26.4233      -63.8606       -8.98432            1.13884
27.1233      -66.1457       -8.5551            1.13884
27.8233      -69.5607       -10.2184            1.13884
28.5233      -73.1892       -14.9083            1.13884
29.2233      -74.4255       -24.7154            1.13884
29.9233      -64.4615       -37.2721            1.13884
30.6233      -45.7977       -34.3821            1.13884
31.3233      -39.8327       -21.5645            1.13884
32.0233      -41.6219       -13.4218            1.13884
32.7233      -44.3303       -9.09529            1.13884
33.4233      -46.8169       -6.66369            1.13884
34.1233      -48.7707       -5.09857            1.13884
34.8233      -50.5979       -3.91172            1.13884
35.5233      -52.3291       -3.16999            1.13884
36.2233      -53.8948       -2.74364            1.13884
36.9233      -55.3309       -2.52599            1.13884
37.6233      -56.6913       -2.47889            1.13884
38.3233      -58.0122       -2.61865            1.13884
39.0233      -59.2788       -2.98891            1.13884
39.7233      -60.4554       -3.64127            1.13884
40.4233      -61.2771       -4.67762            1.13884
41.1233      -61.459       -5.49929            1.13884
41.8233      -61.758       -5.87304            1.13884
42.5233      -62.3349       -6.23272            1.13884
43.2233      -63.0697       -6.92186            1.13884
43.9233      -63.6872       -7.78624            1.13884
44.6233      -64.4107       -8.90988            1.13884
45.3233      -64.9775       -10.7558            1.13884
46.0233      -64.6079       -13.2558            1.13884
46.7233      -62.5267       -15.4224            1.13884
47.4233      -59.9633       -15.6679            1.13884
48.1233      -58.5956       -15.2778            1.13884
48.8233      -56.8425       -15.2104            1.13884
49.5233      -55.2363       -13.4622            1.13884
50.2233      -55.6668       -11.5382            1.13884
50.9233      -56.9269       -11.064            1.13884
51.6233      -57.8244       -11.8888            1.13884
52.3233      -57.2927       -13.01            1.13884
53.0233      -56.7171       -13.0805            1.13884
53.7233      -56.4071       -13.6435            1.13884
54.4233      -55.9931       -14.2358            1.13884
55.1233      -54.4987       -16.2466            1.13884
55.8233      -50.0411       -15.4416            1.13884
56.5233      -48.93       -11.5794            1.13884
57.2233      -50.0794       -9.67956            1.13884
57.9233      -50.5651       -8.84924            1.13884
58.6233      -51.5425       -7.82977            1.13884
59.3233      -52.8936       -8.2951            1.13884
60.0233      -52.6003       -9.91506            1.13884
60.7233      -50.0531       -10.3493            1.13884
61.4233      -48.138       -7.72947            1.13884
62.1233      -48.7807       -5.06738            1.13884
62.8233      -50.1884       -3.67678            1.13884
63.5233      -51.4615       -3.12152            1.13884
64.2233      -52.3305       -2.86527            1.13884
64.9233      -53.1464       -2.51365            1.13884
65.6233      -54.1323       -2.38411            1.13884
66.3233      -55.0507       -2.67357            1.13884
67.0233      -55.4535       -3.339            1.13884
67.7233      -55.1547       -3.52003            1.13884
68.4233      -55.1937       -3.09262            1.13884
69.1233      -55.579       -2.62926            1.13884
69.8233      -56.2873       -2.2759            1.13884
70.5233      -57.1519       -2.18381            1.13884
71.2233      -58.1006       -2.33231            1.13884
71.9233      -59.1097       -2.81516            1.13884
72.6233      -60.0061       -3.79966            1.13884
73.3233      -60.3833       -5.31337            1.13884
74.0233      -59.6338       -6.9543            1.13884
74.7233      -57.831       -7.22468            1.13884
75.4233      -57.2022       -6.07479            1.13884
76.1233      -57.8633       -5.3738            1.13884
76.8233      -58.719       -5.78105            1.13884
77.5233      -58.6938       -6.72331            1.13884
78.2233      -58.1569       -6.94303            1.13884
78.9233      -58.0719       -6.97984            1.13884
79.6233      -58.0207       -7.33811            1.13884
80.3233      -57.39       -7.48629            1.13884
81.0233      -57.307       -7.06003            1.13884
81.7233      -57.637       -7.12513            1.13884
82.4233      -57.583       -7.54089            1.13884
83.1233      -57.4164       -7.80999            1.13884
83.8233      -56.8881       -7.94517            1.13884
84.5233      -56.794       -7.35773            1.13884
85.2233      -57.8479       -7.3372            1.13884
85.9233      -58.6387       -9.02733            1.13884
86.6233      -57.3206       -11.4094            1.13884
87.3233      -54.3672       -11.7176            1.13884
88.0233      -52.4124       -10.5618            1.13884
88.7233      -51.0953       -8.68205            1.13884
89.4233      -51.3771       -6.51492            1.13884
90.1233      -52.6153       -5.69473            1.13884
90.8233      -53.1652       -6.14711            1.13884
91.5233      -52.3912       -6.15365            1.13884
92.2233      -52.1823       -5.23037            1.13884
92.9233      -52.1759       -4.7354            1.13884
93.6233      -52.0269       -3.75187            1.13884
94.3233      -52.6471       -2.70676            1.13884
95.0233      -53.5572       -2.19238            1.13884
95.7233      -54.3847       -2.10353            1.13884
96.4233      -54.9347       -2.23747            1.13884
97.1233      -55.2891       -2.36078            1.13884
97.8233      -55.3827       -2.4407            1.13884
98.5233      -55.5155       -2.07599            1.13884
99.2233      -56.0873       -1.73652            1.13884
99.9233      -56.8025       -1.68548            1.13884
100.623      -57.475       -1.88855            1.13884
101.323      -57.9644       -2.23795            1.13884
102.023      -58.3461       -2.51639            1.13884
102.723      -58.8081       -2.77517            1.13884
103.423      -59.4332       -3.2621            1.13884
104.123      -59.8117       -4.15519            1.13884
104.823      -59.6629       -5.11132            1.13884
105.523      -59.1643       -5.46157            1.13884
106.223      -59.2501       -5.56499            1.13884
106.923      -59.5027       -6.14701            1.13884
107.623      -59.4101       -6.99305            1.13884
108.323      -58.9294       -7.63567            1.13884
109.023      -58.7615       -8.21424            1.13884
109.723      -58.2505       -9.18178            1.13884
110.423      -57.2478       -10.3019            1.13884
111.123      -55.1104       -11.0062            1.13884
111.823      -52.7259       -9.69512            1.13884
112.523      -52.423       -7.71622            1.13884
113.223      -52.9798       -6.90553            1.13884
113.923      -53.1007       -6.97777            1.13884
114.623      -52.4557       -7.0073            1.13884
115.323      -51.6327       -6.27148            1.13884
116.023      -51.288       -5.10543            1.13884
116.723      -51.6568       -4.01043            1.13884
117.423      -52.2851       -3.43096            1.13884
118.123      -52.8739       -3.34515            1.13884
118.823      -52.8538       -3.63414            1.13884
119.523      -52.2748       -3.16805            1.13884
120.223      -52.4278       -2.2018            1.13884
120.923      -53.0188       -1.61584            1.13884
121.623      -53.6201       -1.35765            1.13884
122.323      -54.1465       -1.29996            1.13884
123.023      -54.5131       -1.40653            1.13884
123.723      -54.6461       -1.46875            1.13884
124.423      -54.7743       -1.40752            1.13884
125.123      -54.8364       -1.31555            1.13884
125.823      -54.9754       -1.03648            1.13884
126.523      -55.2988       -0.806642            1.13884
127.223      -55.6617       -0.686176            1.13884
127.923      -56.0173       -0.630639            1.13884
128.623      -56.3651       -0.614739            1.13884
129.323      -56.7134       -0.630882            1.13884
130.023      -57.0704       -0.683366            1.13884
130.723      -57.4386       -0.791972            1.13884
131.423      -57.7811       -0.987555            1.13884
132.123      -58.0107       -1.20072            1.13884
132.823      -58.2817       -1.30252            1.13884
133.523      -58.6909       -1.51437            1.13884
134.223      -59.0787       -1.88485            1.13884
134.923      -59.4266       -2.4227            1.13884
135.623      -59.5809       -3.13169            1.13884
136.323      -59.5058       -3.88325            1.13884
137.023      -59.1818       -4.70532            1.13884
137.723      -58.3239       -5.24197            1.13884
138.423      -57.6295       -5.33882            1.13884
139.123      -56.7387       -5.35003            1.13884
139.823      -55.9433       -4.52476            1.13884
140.523      -56.1284       -3.60047            1.13884
141.223      -56.6997       -3.28004            1.13884
141.923      -57.107       -3.40377            1.13884
142.623      -57.2188       -3.63199            1.13884
143.323      -57.3314       -3.63928            1.13884
144.023      -57.6684       -3.90011            1.13884
144.723      -57.7787       -4.54279            1.13884
145.423      -57.4078       -5.22535            1.13884
146.123      -56.5547       -5.65123            1.13884
146.823      -55.695       -5.28752            1.13884
147.523      -55.5869       -4.85588            1.13884
148.223      -55.2993       -4.96058            1.13884
148.923      -54.656       -4.61396            1.13884
149.623      -54.4654       -4.02781            1.13884
150.323      -54.3395       -3.55188            1.13884
151.023      -54.4059       -3.03123            1.13884
151.723      -54.5509       -2.60059            1.13884
152.423      -54.8501       -2.16982            1.13884
153.123      -55.3206       -1.94919            1.13884
153.823      -55.8054       -1.97815            1.13884
154.523      -56.2009       -2.29593            1.13884
155.223      -56.2068       -2.94118            1.13884
155.923      -55.4626       -3.27873            1.13884
156.623      -54.7406       -2.78245            1.13884
157.323      -54.654       -1.93626            1.13884
158.023      -55.0076       -1.36034            1.13884
158.723      -55.4355       -1.03321            1.13884
159.423      -55.8709       -0.856135            1.13884
160.123      -56.2924       -0.781386            1.13884
160.823      -56.7065       -0.78023            1.13884
161.523      -57.1296       -0.852041            1.13884
162.223      -57.5729       -1.02774            1.13884
162.923      -58.004       -1.37905            1.13884
163.623      -58.2606       -1.93123            1.13884
164.323      -58.2728       -2.48033            1.13884
165.023      -58.1338       -3.03452            1.13884
165.723      -57.7111       -3.43904            1.13884
166.423      -57.2972       -3.60928            1.13884
167.123      -56.8374       -3.58292            1.13884
167.823      -56.6574       -3.34622            1.13884
168.523      -56.7482       -3.39956            1.13884
169.223      -56.3833       -3.80532            1.13884
169.923      -55.6073       -3.49573            1.13884
170.623      -55.5348       -2.7865            1.13884
171.323      -55.9066       -2.4614            1.13884
172.023      -56.2172       -2.6558            1.13884
172.723      -55.9501       -3.00259            1.13884
173.423      -55.4384       -2.73736            1.13884
174.123      -55.4249       -2.20049            1.13884
174.823      -55.7219       -1.86032            1.13884
175.523      -56.1721       -1.83337            1.13884
176.223      -56.4745       -2.23879            1.13884
176.923      -56.1968       -2.79959            1.13884
177.623      -55.4635       -2.88855            1.13884
178.323      -54.8872       -2.27995            1.13884
179.023      -54.9846       -1.57431            1.13884
179.723      -55.3312       -1.24378            1.13884
180.423      -55.5825       -1.16259            1.13884
181.123      -55.6886       -1.11034            1.13884
181.823      -55.7518       -0.966625            1.13884
182.523      -55.9385       -0.785351            1.13884
183.223      -56.205       -0.732715            1.13884
183.923      -56.4185       -0.843716            1.13884
184.623      -56.388       -1.0248            1.13884
185.323      -56.2106       -0.903687            1.13884
186.023      -56.2864       -0.641675            1.13884
186.723      -56.4887       -0.487221            1.13884
187.423      -56.7049       -0.41518            1.13884
188.123      -56.9155       -0.390137            1.13884
188.823      -57.1205       -0.396745            1.13884
189.523      -57.3273       -0.428344            1.13884
190.223      -57.5442       -0.499011            1.13884
190.923      -57.7506       -0.626684            1.13884
191.623      -57.9299       -0.798406            1.13884
192.323      -58.0649       -1.02267            1.13884
193.023      -58.1802       -1.2627            1.13884
193.723      -58.2269       -1.68866            1.13884
194.423      -57.8479       -2.08773            1.13884
195.123      -57.3834       -1.98452            1.13884
195.823      -57.2505       -1.6564            1.13884
196.523      -57.4398       -1.39455            1.13884
197.223      -57.7889       -1.39116            1.13884
197.923      -58.1069       -1.66895            1.13884
198.623      -58.2095       -2.18652            1.13884
199.323      -57.9077       -2.77128            1.13884
200.023      -57.2469       -2.95151            1.13884
200.723      -56.7578       -2.77929            1.13884
201.423      -56.4175       -2.43195            1.13884
202.123      -56.3414       -1.98892            1.13884
202.823      -56.5617       -1.65003            1.13884
203.523      -56.8893       -1.60313            1.13884
204.223      -57.1509       -1.7615            1.13884
204.923      -57.316       -2.19451            1.13884
205.623      -56.9635       -2.8512            1.13884
206.323      -55.9132       -2.96259            1.13884
207.023      -55.3043       -2.11018            1.13884
207.723      -55.4606       -1.39119            1.13884
208.423      -55.7949       -1.05334            1.13884
209.123      -56.0968       -0.947262            1.13884
209.823      -56.3094       -0.988214            1.13884
210.523      -56.3642       -1.1172            1.13884
211.223      -56.251       -1.13744            1.13884
211.923      -56.172       -1.03289            1.13884
212.623      -56.1551       -0.858993            1.13884
213.323      -56.2699       -0.732335            1.13884
214.023      -56.3393       -0.745725            1.13884
214.723      -56.2802       -0.700956            1.13884
215.423      -56.2668       -0.566846            1.13884
216.123      -56.3136       -0.413605            1.13884
216.823      -56.4202       -0.29499            1.13884
217.523      -56.5336       -0.224757            1.13884
218.223      -56.6366       -0.180651            1.13884
218.923      -56.7288       -0.151744            1.13884
219.623      -56.811       -0.131805            1.13884
220.323      -56.8851       -0.117231            1.13884
221.023      -56.9526       -0.106081            1.13884
221.723      -57.0148       -0.0972582            1.13884
222.423      -57.0727       -0.0900987            1.13884
223.123      -57.127       -0.0841796            1.13884
223.823      -57.1782       -0.0792187            1.13884
224.523      -57.2269       -0.0750217            1.13884
225.223      -57.2733       -0.0714516            1.13884
225.923      -57.3179       -0.0684112            1.13884
226.623      -57.3608       -0.0658323            1.13884
227.323      -57.4024       -0.0636689            1.13884
228.023      -57.4428       -0.0618939            1.13884
228.723      -57.4823       -0.0604976            1.13884
229.423      -57.521       -0.0594884            1.13884
230.123      -57.5592       -0.0588958            1.13884
230.823      -57.5972       -0.0587765            1.13884
231.523      -57.6351       -0.0592253            1.13884
232.223      -57.6734       -0.0603944            1.13884
232.923      -57.7124       -0.0625275            1.13884
233.623      -57.7528       -0.0660219            1.13884
234.323      -57.7951       -0.0715486            1.13884
235.023      -57.8405       -0.0802965            1.13884
235.723      -57.8904       -0.0945022            1.13884
236.423      -57.9464       -0.118683            1.13884
237.123      -58.0097       -0.162635            1.13884
237.823      -58.0732       -0.247971            1.13884
238.523      -58.0875       -0.407602            1.13884
239.223      -57.9196       -0.564896            1.13884
239.923      -57.7063       -0.470224            1.13884
240.623      -57.6926       -0.313333            1.13884
241.323      -57.7531       -0.248475            1.13884
242.023      -57.7887       -0.256125            1.13884
242.723      -57.753       -0.252467            1.13884
243.423      -57.7391       -0.180613            1.13884
244.123      -57.7757       -0.12106            1.13884
244.823      -57.8213       -0.088096            1.13884
245.523      -57.8632       -0.0695078            1.13884
246.223      -57.9004       -0.0580943            1.13884
246.923      -57.9338       -0.0505158            1.13884
247.623      -57.9642       -0.0451589            1.13884
248.323      -57.9922       -0.0411814            1.13884
249.023      -58.0184       -0.0381102            1.13884
249.723      -58.0432       -0.0356625            1.13884
250.423      -58.0667       -0.03366            1.13884
251.123      -58.0892       -0.0319857            1.13884
251.823      -58.1108       -0.0305598            1.13884
252.523      -58.1317       -0.0293261            1.13884
253.223      -58.1518       -0.0282442            1.13884
253.923      -58.1714       -0.0272843            1.13884
254.623      -58.1905       -0.0264239            1.13884
255.323      -58.2091       -0.0256458            1.13884
256.023      -58.2272       -0.0249365            1.13884
256.723      -58.245       -0.0242856            1.13884
257.423      -58.2624       -0.0236845            1.13884
258.123      -58.2794       -0.0231264            1.13884
258.823      -58.2961       -0.0226058            1.13884
259.523      -58.3125       -0.022118            1.13884
260.223      -58.3286       -0.0216593            1.13884
260.923      -58.3444       -0.0212263            1.13884
261.623      -58.36       -0.0208163            1.13884
262.323      -58.3753       -0.0204271            1.13884
263.023      -58.3904       -0.0200566            1.13884
263.723      -58.4053       -0.0197032            1.13884
264.423      -58.42       -0.0193653            1.13884
265.123      -58.4344       -0.0190416            1.13884
265.823      -58.4487       -0.018731            1.13884
266.523      -58.4628       -0.0184324            1.13884
267.223      -58.4767       -0.018145            1.13884
