 Welcome to MattersK v1.0 --  



 Enter in order: max for nsq = sum_i ni^2 ,  n_max, and chrg_max (0 for PNM and 1for SNM) ?


 Number of nucleons in the Fermi Sea? 

 Density [in fm^-3]? 

 density = 0.16/fm^3 ,     K_F = 1.33302/fm ,   L_box = 7.80245 fm


 Now building the single particle basis:
 ---------------------------------------

 allocating space for 598 sp states... 
0  0  0  0  0  0  0
4  -1  0  0  1  0.805283  13.4373
8  0  -1  0  1  0.805283  13.4373
12  0  0  -1  1  0.805283  13.4373
16  0  0  1  1  0.805283  13.4373
20  0  1  0  1  0.805283  13.4373
24  1  0  0  1  0.805283  13.4373
28  -1  -1  0  2  1.13884  26.8747
32  -1  0  -1  2  1.13884  26.8747
36  -1  0  1  2  1.13884  26.8747
40  -1  1  0  2  1.13884  26.8747
44  0  -1  -1  2  1.13884  26.8747
48  0  -1  1  2  1.13884  26.8747
52  0  1  -1  2  1.13884  26.8747
56  0  1  1  2  1.13884  26.8747
60  1  -1  0  2  1.13884  26.8747
64  1  0  -1  2  1.13884  26.8747
68  1  0  1  2  1.13884  26.8747
72  1  1  0  2  1.13884  26.8747
76  -1  -1  -1  3  1.39479  40.312
80  -1  -1  1  3  1.39479  40.312
84  -1  1  -1  3  1.39479  40.312
88  -1  1  1  3  1.39479  40.312
92  1  -1  -1  3  1.39479  40.312
96  1  -1  1  3  1.39479  40.312
100  1  1  -1  3  1.39479  40.312
104  1  1  1  3  1.39479  40.312
108  -2  0  0  4  1.61057  53.7494
112  0  -2  0  4  1.61057  53.7494
116  0  0  -2  4  1.61057  53.7494
120  0  0  2  4  1.61057  53.7494
124  0  2  0  4  1.61057  53.7494
128  2  0  0  4  1.61057  53.7494
132  -2  -1  0  5  1.80067  67.1867
136  -2  0  -1  5  1.80067  67.1867
140  -2  0  1  5  1.80067  67.1867
144  -2  1  0  5  1.80067  67.1867
148  -1  -2  0  5  1.80067  67.1867
152  -1  0  -2  5  1.80067  67.1867
156  -1  0  2  5  1.80067  67.1867
160  -1  2  0  5  1.80067  67.1867
164  0  -2  -1  5  1.80067  67.1867
168  0  -2  1  5  1.80067  67.1867
172  0  -1  -2  5  1.80067  67.1867
176  0  -1  2  5  1.80067  67.1867
180  0  1  -2  5  1.80067  67.1867
184  0  1  2  5  1.80067  67.1867
188  0  2  -1  5  1.80067  67.1867
192  0  2  1  5  1.80067  67.1867
196  1  -2  0  5  1.80067  67.1867
200  1  0  -2  5  1.80067  67.1867
204  1  0  2  5  1.80067  67.1867
208  1  2  0  5  1.80067  67.1867
212  2  -1  0  5  1.80067  67.1867
216  2  0  -1  5  1.80067  67.1867
220  2  0  1  5  1.80067  67.1867
224  2  1  0  5  1.80067  67.1867
228  -2  -1  -1  6  1.97253  80.6241
232  -2  -1  1  6  1.97253  80.6241
236  -2  1  -1  6  1.97253  80.6241
240  -2  1  1  6  1.97253  80.6241
244  -1  -2  -1  6  1.97253  80.6241
248  -1  -2  1  6  1.97253  80.6241
252  -1  -1  -2  6  1.97253  80.6241
256  -1  -1  2  6  1.97253  80.6241
260  -1  1  -2  6  1.97253  80.6241
264  -1  1  2  6  1.97253  80.6241
268  -1  2  -1  6  1.97253  80.6241
272  -1  2  1  6  1.97253  80.6241
276  1  -2  -1  6  1.97253  80.6241
280  1  -2  1  6  1.97253  80.6241
284  1  -1  -2  6  1.97253  80.6241
288  1  -1  2  6  1.97253  80.6241
292  1  1  -2  6  1.97253  80.6241
296  1  1  2  6  1.97253  80.6241
300  1  2  -1  6  1.97253  80.6241
304  1  2  1  6  1.97253  80.6241
308  2  -1  -1  6  1.97253  80.6241
312  2  -1  1  6  1.97253  80.6241
316  2  1  -1  6  1.97253  80.6241
320  2  1  1  6  1.97253  80.6241
324  -2  -2  0  8  2.27768  107.499
328  -2  0  -2  8  2.27768  107.499
332  -2  0  2  8  2.27768  107.499
336  -2  2  0  8  2.27768  107.499
340  0  -2  -2  8  2.27768  107.499
344  0  -2  2  8  2.27768  107.499
348  0  2  -2  8  2.27768  107.499
352  0  2  2  8  2.27768  107.499
356  2  -2  0  8  2.27768  107.499
360  2  0  -2  8  2.27768  107.499
364  2  0  2  8  2.27768  107.499
368  2  2  0  8  2.27768  107.499
372  -3  0  0  9  2.41585  120.936
376  -2  -2  -1  9  2.41585  120.936
380  -2  -2  1  9  2.41585  120.936
384  -2  -1  -2  9  2.41585  120.936
388  -2  -1  2  9  2.41585  120.936
392  -2  1  -2  9  2.41585  120.936
396  -2  1  2  9  2.41585  120.936
400  -2  2  -1  9  2.41585  120.936
404  -2  2  1  9  2.41585  120.936
408  -1  -2  -2  9  2.41585  120.936
412  -1  -2  2  9  2.41585  120.936
416  -1  2  -2  9  2.41585  120.936
420  -1  2  2  9  2.41585  120.936
424  0  -3  0  9  2.41585  120.936
428  0  0  -3  9  2.41585  120.936
432  0  0  3  9  2.41585  120.936
436  0  3  0  9  2.41585  120.936
440  1  -2  -2  9  2.41585  120.936
444  1  -2  2  9  2.41585  120.936
448  1  2  -2  9  2.41585  120.936
452  1  2  2  9  2.41585  120.936
456  2  -2  -1  9  2.41585  120.936
460  2  -2  1  9  2.41585  120.936
464  2  -1  -2  9  2.41585  120.936
468  2  -1  2  9  2.41585  120.936
472  2  1  -2  9  2.41585  120.936
476  2  1  2  9  2.41585  120.936
480  2  2  -1  9  2.41585  120.936
484  2  2  1  9  2.41585  120.936
488  3  0  0  9  2.41585  120.936
492  -3  -1  0  10  2.54653  134.373
496  -3  0  -1  10  2.54653  134.373
500  -3  0  1  10  2.54653  134.373
504  -3  1  0  10  2.54653  134.373
508  -1  -3  0  10  2.54653  134.373
512  -1  0  -3  10  2.54653  134.373
516  -1  0  3  10  2.54653  134.373
520  -1  3  0  10  2.54653  134.373
524  0  -3  -1  10  2.54653  134.373
528  0  -3  1  10  2.54653  134.373
532  0  -1  -3  10  2.54653  134.373
536  0  -1  3  10  2.54653  134.373
540  0  1  -3  10  2.54653  134.373
544  0  1  3  10  2.54653  134.373
548  0  3  -1  10  2.54653  134.373
552  0  3  1  10  2.54653  134.373
556  1  -3  0  10  2.54653  134.373
560  1  0  -3  10  2.54653  134.373
564  1  0  3  10  2.54653  134.373
568  1  3  0  10  2.54653  134.373
572  3  -1  0  10  2.54653  134.373
576  3  0  -1  10  2.54653  134.373
580  3  0  1  10  2.54653  134.373
584  3  1  0  10  2.54653  134.373


 The total dimension of the sp basis is 588


 Symmetry groups:
 n.  --  n_tot   mult   i_rep
 0   --    4      4      0
 1   --    28      24      4
 2   --    52      24      108
 3   --    76      24      372
 4   --    124      48      28
 5   --    220      96      132
 6   --    316      96      492
 7   --    364      48      324
 8   --    364      0      -100
 9   --    364      0      -100
 10   --    396      32      76
 11   --    492      96      228
 12   --    492      0      -100
 13   --    588      96      376
 14   --    588      0      -100
 15   --    588      0      -100
 16   --    588      0      -100
 17   --    588      0      -100
 18   --    588      0      -100
 19   --    588      0      -100



 Statistics of the 2p1h and 2h1p configurations:
 -----------------------------------------------
0          6570          828          7399
4          5769          943          6713
28          5139          976          6116
76          4536          1000          5537
108          4041          990          5032
132          3735          945          4681
228          3469          879          4349
324          3015          739          3755
372          2686          722          3409
376          2839          672          3512
492          2555          641          3197


 Max block sizes:     6570 (2p1h)         1000 (2h1p)         7399 (full Dys mtx)


 Total # of 2p1h and  2h1p states:  44354     9335


 Hartree-Fock solution:
 ----------------------

    E_kin/A = 21.2169 MeV   (kinetic energy of free Fermi gas)
    E_HF/A  = -24.9396 MeV   (uncorrelated HF energy)


 Would you like to generate data files for plotting the spectral function and self energy [y/Y or n/N] ? 


 START RUNNING THE DYSON DIAGONALIZATIONS:
 -------------------------------------------- 



 How many Lanczos iterations [< 0 for no Lanczos] ? 

 Assuming E_F = -52.2338 MeV for the Fermi energy.
0  Nfw=300  Nbk=300 , ndim=601 -- 1...  301...  601 --   group=0 0 0 4 (e_sp=-106.672)   N=0.984439  K=0  V=-53.6907  E=-53.6907
4  Nfw=300  Nbk=300 , ndim=601 -- 1...  301...  601 --   group=1 4 1 24 (e_sp=-83.3033)   N=0.956864  K=12.8577  V=-48.3343  E=-35.4766
28  Nfw=300  Nbk=300 , ndim=601 -- 1...  301...  601 --   group=4 28 2 48 (e_sp=-62.0276)   N=0.848155  K=22.7939  V=-41.1388  E=-18.3449
76  Nfw=300  Nbk=300 , ndim=601 -- 1...  301...  601 --   group=10 76 3 32 (e_sp=-42.44)   N=0.184843  K=7.4514  V=-10.7473  E=-3.29589
108  Nfw=300  Nbk=300 , ndim=601 -- 1...  301...  601 --   group=2 108 4 24 (e_sp=-24.1367)   N=0.0308358  K=1.65741  V=-2.34661  E=-0.689208
132  Nfw=300  Nbk=300 , ndim=601 -- 1...  301...  601 --   group=5 132 5 96 (e_sp=-7.06795)   N=0.0171356  K=1.15129  V=-1.30999  E=-0.158702
228  Nfw=300  Nbk=300 , ndim=601 -- 1...  301...  601 --   group=11 228 6 96 (e_sp=9.14623)   N=0.00457383  K=0.368761  V=-0.45031  E=-0.0815496
324  Nfw=300  Nbk=300 , ndim=601 -- 1...  301...  601 --   group=7 324 8 48 (e_sp=39.6058)   N=0.00142265  K=0.152933  V=-0.164181  E=-0.0112477
372  Nfw=300  Nbk=300 , ndim=601 -- 1...  301...  601 --   group=3 372 9 24 (e_sp=54.2637)   N=0.000527338  K=0.0637742  V=-0.0715624  E=-0.00778821
376  Nfw=300  Nbk=300 , ndim=601 -- 1...  301...  601 --   group=13 376 9 96 (e_sp=54.1455)   N=0.000632998  K=0.0765523  V=-0.0841683  E=-0.00761599
492  Nfw=300  Nbk=300 , ndim=601 -- 1...  301...  601 --   group=6 492 10 96 (e_sp=68.3962)   N=0.000376518  K=0.050594  V=-0.0552996  E=-0.00470563

 New Fermi level reset to E_F = -50.9208 ,   with   A_tot = 76.5309 ==>  E_Kolt = -2093.74 MeV ,   E_kin = 1847.92 MeV,   A_tot = 76.5309



 The final density, Fermi momentum and energy per particle are:
 Solution from the Dyson diagonalization.:
 rho  = 0.161118 fm^-3 ,    f_F  = 1.33612 fm^-1
 A_tot  = 76.5309
 E_tot  = -2093.74 ,    E_tot/A_tot = -27.3581  [MeV]
 K_tot  = 1847.92 ,    K_tot/A_tot = 24.146  [MeV]


 Density,  E_HF,  corr en   (corr. en rescaled to A=76.5309 particles) :0.16    -3790.81    3763.26    (3763.45)


 Generating datafiles with spectral fucnction and self-energy...

