#
#
#   Lonertzian-smoothed spectral function (both aprticle and hole)
#
#   k = 1.97253 fm^-1      and E_F = -50.9208 MeV
#
#
#    E               A(k,E)           k 

-301.432       4.03796e-06       1.97253
-300.732       4.05671e-06       1.97253
-300.032       4.07559e-06       1.97253
-299.332       4.09461e-06       1.97253
-298.632       4.11377e-06       1.97253
-297.932       4.13306e-06       1.97253
-297.232       4.1525e-06       1.97253
-296.532       4.17208e-06       1.97253
-295.832       4.1918e-06       1.97253
-295.132       4.21167e-06       1.97253
-294.432       4.23168e-06       1.97253
-293.732       4.25184e-06       1.97253
-293.032       4.27215e-06       1.97253
-292.332       4.29261e-06       1.97253
-291.632       4.31323e-06       1.97253
-290.932       4.334e-06       1.97253
-290.232       4.35493e-06       1.97253
-289.532       4.37602e-06       1.97253
-288.832       4.39726e-06       1.97253
-288.132       4.41867e-06       1.97253
-287.432       4.44024e-06       1.97253
-286.732       4.46198e-06       1.97253
-286.032       4.48389e-06       1.97253
-285.332       4.50597e-06       1.97253
-284.632       4.52821e-06       1.97253
-283.932       4.55064e-06       1.97253
-283.232       4.57324e-06       1.97253
-282.532       4.59602e-06       1.97253
-281.832       4.61898e-06       1.97253
-281.132       4.64212e-06       1.97253
-280.432       4.66545e-06       1.97253
-279.732       4.68897e-06       1.97253
-279.032       4.71268e-06       1.97253
-278.332       4.73658e-06       1.97253
-277.632       4.76069e-06       1.97253
-276.932       4.78499e-06       1.97253
-276.232       4.80949e-06       1.97253
-275.532       4.8342e-06       1.97253
-274.832       4.85912e-06       1.97253
-274.132       4.88425e-06       1.97253
-273.432       4.9096e-06       1.97253
-272.732       4.93517e-06       1.97253
-272.032       4.96096e-06       1.97253
-271.332       4.98699e-06       1.97253
-270.632       5.01324e-06       1.97253
-269.932       5.03973e-06       1.97253
-269.232       5.06647e-06       1.97253
-268.532       5.09346e-06       1.97253
-267.832       5.1207e-06       1.97253
-267.132       5.1482e-06       1.97253
-266.432       5.17597e-06       1.97253
-265.732       5.20402e-06       1.97253
-265.032       5.23235e-06       1.97253
-264.332       5.26097e-06       1.97253
-263.632       5.2899e-06       1.97253
-262.932       5.31915e-06       1.97253
-262.232       5.34873e-06       1.97253
-261.532       5.37865e-06       1.97253
-260.832       5.40894e-06       1.97253
-260.132       5.43962e-06       1.97253
-259.432       5.47071e-06       1.97253
-258.732       5.50224e-06       1.97253
-258.032       5.53426e-06       1.97253
-257.332       5.56681e-06       1.97253
-256.632       5.59995e-06       1.97253
-255.932       5.63376e-06       1.97253
-255.232       5.66834e-06       1.97253
-254.532       5.70385e-06       1.97253
-253.832       5.74048e-06       1.97253
-253.132       5.77852e-06       1.97253
-252.432       5.81843e-06       1.97253
-251.732       5.86094e-06       1.97253
-251.032       5.90731e-06       1.97253
-250.332       5.95991e-06       1.97253
-249.632       6.02355e-06       1.97253
-248.932       6.10814e-06       1.97253
-248.232       6.22651e-06       1.97253
-247.532       6.34259e-06       1.97253
-246.832       6.39764e-06       1.97253
-246.132       6.49892e-06       1.97253
-245.432       6.73461e-06       1.97253
-244.732       7.12878e-06       1.97253
-244.032       7.3133e-06       1.97253
-243.332       7.07511e-06       1.97253
-242.632       6.94193e-06       1.97253
-241.932       7.0047e-06       1.97253
-241.232       7.04237e-06       1.97253
-240.532       6.97801e-06       1.97253
-239.832       7.00948e-06       1.97253
-239.132       7.09799e-06       1.97253
-238.432       7.08969e-06       1.97253
-237.732       7.07433e-06       1.97253
-237.032       7.15805e-06       1.97253
-236.332       7.36868e-06       1.97253
-235.632       7.73606e-06       1.97253
-234.932       8.18355e-06       1.97253
-234.232       8.83415e-06       1.97253
-233.532       1.004e-05       1.97253
-232.832       1.10883e-05       1.97253
-232.132       1.04425e-05       1.97253
-231.432       9.05722e-06       1.97253
-230.732       8.23814e-06       1.97253
-230.032       7.86203e-06       1.97253
-229.332       7.72371e-06       1.97253
-228.632       7.69885e-06       1.97253
-227.932       7.6326e-06       1.97253
-227.232       7.55336e-06       1.97253
-226.532       7.52657e-06       1.97253
-225.832       7.54135e-06       1.97253
-225.132       7.58903e-06       1.97253
-224.432       7.67646e-06       1.97253
-223.732       7.82374e-06       1.97253
-223.032       7.98665e-06       1.97253
-222.332       7.9768e-06       1.97253
-221.632       7.90497e-06       1.97253
-220.932       7.8952e-06       1.97253
-220.232       7.93679e-06       1.97253
-219.532       8.00625e-06       1.97253
-218.832       8.05299e-06       1.97253
-218.132       8.08428e-06       1.97253
-217.432       8.13305e-06       1.97253
-216.732       8.19744e-06       1.97253
-216.032       8.27291e-06       1.97253
-215.332       8.35787e-06       1.97253
-214.632       8.45262e-06       1.97253
-213.932       8.5588e-06       1.97253
-213.232       8.67952e-06       1.97253
-212.532       8.8202e-06       1.97253
-211.832       8.99015e-06       1.97253
-211.132       9.20136e-06       1.97253
-210.432       9.45976e-06       1.97253
-209.732       9.79908e-06       1.97253
-209.032       1.02309e-05       1.97253
-208.332       1.07662e-05       1.97253
-207.632       1.1676e-05       1.97253
-206.932       1.32104e-05       1.97253
-206.232       1.48802e-05       1.97253
-205.532       1.65354e-05       1.97253
-204.832       1.9099e-05       1.97253
-204.132       1.9974e-05       1.97253
-203.432       1.95453e-05       1.97253
-202.732       1.98366e-05       1.97253
-202.032       1.98917e-05       1.97253
-201.332       1.90936e-05       1.97253
-200.632       1.8799e-05       1.97253
-199.932       1.96141e-05       1.97253
-199.232       2.17789e-05       1.97253
-198.532       2.52361e-05       1.97253
-197.832       2.94023e-05       1.97253
-197.132       3.17594e-05       1.97253
-196.432       3.62206e-05       1.97253
-195.732       4.14043e-05       1.97253
-195.032       3.89683e-05       1.97253
-194.332       3.20245e-05       1.97253
-193.632       2.68962e-05       1.97253
-192.932       2.45943e-05       1.97253
-192.232       2.29761e-05       1.97253
-191.532       2.08208e-05       1.97253
-190.832       1.99324e-05       1.97253
-190.132       1.88749e-05       1.97253
-189.432       1.72259e-05       1.97253
-188.732       1.61507e-05       1.97253
-188.032       1.57835e-05       1.97253
-187.332       1.54062e-05       1.97253
-186.632       1.46856e-05       1.97253
-185.932       1.39375e-05       1.97253
-185.232       1.35701e-05       1.97253
-184.532       1.36819e-05       1.97253
-183.832       1.43703e-05       1.97253
-183.132       1.54802e-05       1.97253
-182.432       1.55861e-05       1.97253
-181.732       1.47941e-05       1.97253
-181.032       1.43373e-05       1.97253
-180.332       1.40856e-05       1.97253
-179.632       1.39868e-05       1.97253
-178.932       1.42474e-05       1.97253
-178.232       1.49707e-05       1.97253
-177.532       1.6224e-05       1.97253
-176.832       1.78516e-05       1.97253
-176.132       1.99863e-05       1.97253
-175.432       2.13102e-05       1.97253
-174.732       2.16404e-05       1.97253
-174.032       2.24597e-05       1.97253
-173.332       2.17941e-05       1.97253
-172.632       1.94025e-05       1.97253
-171.932       1.77212e-05       1.97253
-171.232       1.70366e-05       1.97253
-170.532       1.69932e-05       1.97253
-169.832       1.72459e-05       1.97253
-169.132       1.80781e-05       1.97253
-168.432       1.98978e-05       1.97253
-167.732       2.25601e-05       1.97253
-167.032       2.46696e-05       1.97253
-166.332       2.64588e-05       1.97253
-165.632       2.7625e-05       1.97253
-164.932       2.69725e-05       1.97253
-164.232       2.76833e-05       1.97253
-163.532       3.26049e-05       1.97253
-162.832       4.31192e-05       1.97253
-162.132       5.42788e-05       1.97253
-161.432       5.23598e-05       1.97253
-160.732       4.0142e-05       1.97253
-160.032       3.20985e-05       1.97253
-159.332       2.94808e-05       1.97253
-158.632       3.06716e-05       1.97253
-157.932       3.01108e-05       1.97253
-157.232       2.56012e-05       1.97253
-156.532       2.22792e-05       1.97253
-155.832       2.05908e-05       1.97253
-155.132       1.97802e-05       1.97253
-154.432       1.94372e-05       1.97253
-153.732       1.93818e-05       1.97253
-153.032       1.95432e-05       1.97253
-152.332       1.99158e-05       1.97253
-151.632       2.05549e-05       1.97253
-150.932       2.15686e-05       1.97253
-150.232       2.30876e-05       1.97253
-149.532       2.51614e-05       1.97253
-148.832       2.6769e-05       1.97253
-148.132       2.86341e-05       1.97253
-147.432       3.14825e-05       1.97253
-146.732       3.58761e-05       1.97253
-146.032       4.04257e-05       1.97253
-145.332       3.92873e-05       1.97253
-144.632       3.87483e-05       1.97253
-143.932       4.29724e-05       1.97253
-143.232       5.12467e-05       1.97253
-142.532       6.23693e-05       1.97253
-141.832       7.56495e-05       1.97253
-141.132       8.13768e-05       1.97253
-140.432       8.57282e-05       1.97253
-139.732       0.000100242       1.97253
-139.032       0.000119153       1.97253
-138.332       0.000134713       1.97253
-137.632       0.000131907       1.97253
-136.932       0.00010791       1.97253
-136.232       9.30664e-05       1.97253
-135.532       8.57938e-05       1.97253
-134.832       8.17232e-05       1.97253
-134.132       7.71494e-05       1.97253
-133.432       7.1752e-05       1.97253
-132.732       6.86642e-05       1.97253
-132.032       6.9462e-05       1.97253
-131.332       6.99586e-05       1.97253
-130.632       6.65187e-05       1.97253
-129.932       5.78073e-05       1.97253
-129.232       5.02821e-05       1.97253
-128.532       4.45651e-05       1.97253
-127.832       4.04731e-05       1.97253
-127.132       3.86039e-05       1.97253
-126.432       3.76969e-05       1.97253
-125.732       3.61921e-05       1.97253
-125.032       3.49529e-05       1.97253
-124.332       3.50205e-05       1.97253
-123.632       3.64879e-05       1.97253
-122.932       3.96593e-05       1.97253
-122.232       4.56086e-05       1.97253
-121.532       5.67875e-05       1.97253
-120.832       7.80099e-05       1.97253
-120.132       0.000111804       1.97253
-119.432       0.000124402       1.97253
-118.732       9.52335e-05       1.97253
-118.032       7.11309e-05       1.97253
-117.332       6.23188e-05       1.97253
-116.632       5.74647e-05       1.97253
-115.932       4.84354e-05       1.97253
-115.232       4.15912e-05       1.97253
-114.532       3.78677e-05       1.97253
-113.832       3.58706e-05       1.97253
-113.132       3.47875e-05       1.97253
-112.432       3.42316e-05       1.97253
-111.732       3.4012e-05       1.97253
-111.032       3.40297e-05       1.97253
-110.332       3.4234e-05       1.97253
-109.632       3.46036e-05       1.97253
-108.932       3.514e-05       1.97253
-108.232       3.58698e-05       1.97253
-107.532       3.68465e-05       1.97253
-106.832       3.80945e-05       1.97253
-106.132       3.96656e-05       1.97253
-105.432       4.19271e-05       1.97253
-104.732       4.5259e-05       1.97253
-104.032       5.01883e-05       1.97253
-103.332       5.88171e-05       1.97253
-102.632       7.45429e-05       1.97253
-101.932       9.64586e-05       1.97253
-101.232       0.000103525       1.97253
-100.532       9.41017e-05       1.97253
-99.832       9.36803e-05       1.97253
-99.132       9.62715e-05       1.97253
-98.432       9.35944e-05       1.97253
-97.732       9.28292e-05       1.97253
-97.032       8.25628e-05       1.97253
-96.332       7.02752e-05       1.97253
-95.632       6.52064e-05       1.97253
-94.932       6.34917e-05       1.97253
-94.232       5.96535e-05       1.97253
-93.532       5.64638e-05       1.97253
-92.832       5.56687e-05       1.97253
-92.132       5.65282e-05       1.97253
-91.432       5.7293e-05       1.97253
-90.732       5.78392e-05       1.97253
-90.032       5.93739e-05       1.97253
-89.332       6.20377e-05       1.97253
-88.632       6.59411e-05       1.97253
-87.932       7.14946e-05       1.97253
-87.232       7.95467e-05       1.97253
-86.532       9.17376e-05       1.97253
-85.832       0.000111364       1.97253
-85.132       0.000145494       1.97253
-84.432       0.000209935       1.97253
-83.732       0.000334407       1.97253
-83.032       0.000501773       1.97253
-82.332       0.000479116       1.97253
-81.632       0.000310174       1.97253
-80.932       0.000199834       1.97253
-80.232       0.00014395       1.97253
-79.532       0.000114705       1.97253
-78.832       9.83051e-05       1.97253
-78.712       9.62707e-05       1.97253
-78.592       9.44065e-05       1.97253
-78.472       9.26961e-05       1.97253
-78.352       9.11252e-05       1.97253
-78.232       8.96808e-05       1.97253
-78.112       8.83514e-05       1.97253
-77.992       8.7127e-05       1.97253
-77.872       8.59984e-05       1.97253
-77.752       8.49575e-05       1.97253
-77.632       8.39969e-05       1.97253
-77.512       8.31101e-05       1.97253
-77.392       8.22912e-05       1.97253
-77.272       8.15349e-05       1.97253
-77.152       8.08363e-05       1.97253
-77.032       8.01912e-05       1.97253
-76.912       7.95954e-05       1.97253
-76.792       7.90455e-05       1.97253
-76.672       7.85382e-05       1.97253
-76.552       7.80705e-05       1.97253
-76.432       7.76396e-05       1.97253
-76.312       7.72432e-05       1.97253
-76.192       7.68789e-05       1.97253
-76.072       7.65447e-05       1.97253
-75.952       7.62387e-05       1.97253
-75.832       7.5959e-05       1.97253
-75.712       7.57042e-05       1.97253
-75.592       7.54726e-05       1.97253
-75.472       7.5263e-05       1.97253
-75.352       7.50741e-05       1.97253
-75.232       7.49046e-05       1.97253
-75.112       7.47536e-05       1.97253
-74.992       7.462e-05       1.97253
-74.872       7.45029e-05       1.97253
-74.752       7.44014e-05       1.97253
-74.632       7.43148e-05       1.97253
-74.512       7.42422e-05       1.97253
-74.392       7.4183e-05       1.97253
-74.272       7.41366e-05       1.97253
-74.152       7.41024e-05       1.97253
-74.032       7.40797e-05       1.97253
-73.912       7.40681e-05       1.97253
-73.792       7.40671e-05       1.97253
-73.672       7.40762e-05       1.97253
-73.552       7.4095e-05       1.97253
-73.432       7.41231e-05       1.97253
-73.312       7.41602e-05       1.97253
-73.192       7.42058e-05       1.97253
-73.072       7.42596e-05       1.97253
-72.952       7.43214e-05       1.97253
-72.832       7.43909e-05       1.97253
-72.712       7.44677e-05       1.97253
-72.592       7.45516e-05       1.97253
-72.472       7.46424e-05       1.97253
-72.352       7.47399e-05       1.97253
-72.232       7.48438e-05       1.97253
-72.112       7.4954e-05       1.97253
-71.992       7.50702e-05       1.97253
-71.872       7.51924e-05       1.97253
-71.752       7.53202e-05       1.97253
-71.632       7.54536e-05       1.97253
-71.512       7.55924e-05       1.97253
-71.392       7.57365e-05       1.97253
-71.272       7.58857e-05       1.97253
-71.152       7.60399e-05       1.97253
-71.032       7.61991e-05       1.97253
-70.912       7.6363e-05       1.97253
-70.792       7.65317e-05       1.97253
-70.672       7.67049e-05       1.97253
-70.552       7.68827e-05       1.97253
-70.432       7.70649e-05       1.97253
-70.312       7.72514e-05       1.97253
-70.192       7.74422e-05       1.97253
-70.072       7.76372e-05       1.97253
-69.952       7.78364e-05       1.97253
-69.832       7.80396e-05       1.97253
-69.712       7.82469e-05       1.97253
-69.592       7.84581e-05       1.97253
-69.472       7.86732e-05       1.97253
-69.352       7.88922e-05       1.97253
-69.232       7.9115e-05       1.97253
-69.112       7.93416e-05       1.97253
-68.992       7.9572e-05       1.97253
-68.872       7.98061e-05       1.97253
-68.752       8.00439e-05       1.97253
-68.632       8.02853e-05       1.97253
-68.512       8.05304e-05       1.97253
-68.392       8.0779e-05       1.97253
-68.272       8.10313e-05       1.97253
-68.152       8.12871e-05       1.97253
-68.032       8.15465e-05       1.97253
-67.912       8.18095e-05       1.97253
-67.792       8.20759e-05       1.97253
-67.672       8.23459e-05       1.97253
-67.552       8.26194e-05       1.97253
-67.432       8.28964e-05       1.97253
-67.312       8.31769e-05       1.97253
-67.192       8.34609e-05       1.97253
-67.072       8.37485e-05       1.97253
-66.952       8.40395e-05       1.97253
-66.832       8.4334e-05       1.97253
-66.712       8.4632e-05       1.97253
-66.592       8.49336e-05       1.97253
-66.472       8.52387e-05       1.97253
-66.352       8.55473e-05       1.97253
-66.232       8.58595e-05       1.97253
-66.112       8.61753e-05       1.97253
-65.992       8.64946e-05       1.97253
-65.872       8.68175e-05       1.97253
-65.752       8.7144e-05       1.97253
-65.632       8.74742e-05       1.97253
-65.512       8.7808e-05       1.97253
-65.392       8.81455e-05       1.97253
-65.272       8.84867e-05       1.97253
-65.152       8.88317e-05       1.97253
-65.032       8.91803e-05       1.97253
-64.912       8.95328e-05       1.97253
-64.792       8.98891e-05       1.97253
-64.672       9.02492e-05       1.97253
-64.552       9.06132e-05       1.97253
-64.432       9.09811e-05       1.97253
-64.312       9.1353e-05       1.97253
-64.192       9.17289e-05       1.97253
-64.072       9.21088e-05       1.97253
-63.952       9.24927e-05       1.97253
-63.832       9.28808e-05       1.97253
-63.712       9.32731e-05       1.97253
-63.592       9.36695e-05       1.97253
-63.472       9.40702e-05       1.97253
-63.352       9.44752e-05       1.97253
-63.232       9.48846e-05       1.97253
-63.112       9.52984e-05       1.97253
-62.992       9.57166e-05       1.97253
-62.872       9.61394e-05       1.97253
-62.752       9.65667e-05       1.97253
-62.632       9.69988e-05       1.97253
-62.512       9.74355e-05       1.97253
-62.392       9.7877e-05       1.97253
-62.272       9.83233e-05       1.97253
-62.152       9.87746e-05       1.97253
-62.032       9.92308e-05       1.97253
-61.912       9.96922e-05       1.97253
-61.792       0.000100159       1.97253
-61.672       0.00010063       1.97253
-61.552       0.000101107       1.97253
-61.432       0.00010159       1.97253
-61.312       0.000102078       1.97253
-61.192       0.000102571       1.97253
-61.072       0.00010307       1.97253
-60.952       0.000103575       1.97253
-60.832       0.000104086       1.97253
-60.712       0.000104603       1.97253
-60.592       0.000105125       1.97253
-60.472       0.000105654       1.97253
-60.352       0.00010619       1.97253
-60.232       0.000106731       1.97253
-60.112       0.00010728       1.97253
-59.992       0.000107835       1.97253
-59.872       0.000108396       1.97253
-59.752       0.000108965       1.97253
-59.632       0.000109541       1.97253
-59.512       0.000110124       1.97253
-59.392       0.000110714       1.97253
-59.272       0.000111312       1.97253
-59.152       0.000111918       1.97253
-59.032       0.000112531       1.97253
-58.912       0.000113153       1.97253
-58.792       0.000113782       1.97253
-58.672       0.00011442       1.97253
-58.552       0.000115067       1.97253
-58.432       0.000115722       1.97253
-58.312       0.000116387       1.97253
-58.192       0.00011706       1.97253
-58.072       0.000117743       1.97253
-57.952       0.000118436       1.97253
-57.832       0.000119138       1.97253
-57.712       0.000119851       1.97253
-57.592       0.000120574       1.97253
-57.472       0.000121308       1.97253
-57.352       0.000122052       1.97253
-57.232       0.000122808       1.97253
-57.112       0.000123575       1.97253
-56.992       0.000124354       1.97253
-56.872       0.000125145       1.97253
-56.752       0.000125949       1.97253
-56.632       0.000126765       1.97253
-56.512       0.000127595       1.97253
-56.392       0.000128438       1.97253
-56.272       0.000129295       1.97253
-56.152       0.000130166       1.97253
-56.032       0.000131053       1.97253
-55.912       0.000131954       1.97253
-55.792       0.000132871       1.97253
-55.672       0.000133804       1.97253
-55.552       0.000134754       1.97253
-55.432       0.000135721       1.97253
-55.312       0.000136706       1.97253
-55.192       0.000137709       1.97253
-55.072       0.000138731       1.97253
-54.952       0.000139773       1.97253
-54.832       0.000140835       1.97253
-54.712       0.000141918       1.97253
-54.592       0.000143022       1.97253
-54.472       0.000144149       1.97253
-54.352       0.0001453       1.97253
-54.232       0.000146474       1.97253
-54.112       0.000147673       1.97253
-53.992       0.000148898       1.97253
-53.872       0.00015015       1.97253
-53.752       0.00015143       1.97253
-53.632       0.000152739       1.97253
-53.512       0.000154078       1.97253
-53.392       0.000155448       1.97253
-53.272       0.000156851       1.97253
-53.152       0.000158288       1.97253
-53.032       0.00015976       1.97253
-52.912       0.000161269       1.97253
-52.792       0.000162817       1.97253
-52.672       0.000164405       1.97253
-52.552       0.000166034       1.97253
-52.432       0.000167708       1.97253
-52.312       0.000169427       1.97253
-52.192       0.000171194       1.97253
-52.072       0.000173011       1.97253
-52.072       0       0


-49.7967       0       0
-49.7967       0.000221322       1.97253
-49.6767       0.00022494       1.97253
-49.5567       0.000228715       1.97253
-49.4367       0.000232658       1.97253
-49.3167       0.00023678       1.97253
-49.1967       0.000241094       1.97253
-49.0767       0.000245613       1.97253
-48.9567       0.000250352       1.97253
-48.8367       0.000255327       1.97253
-48.7167       0.000260557       1.97253
-48.5967       0.000266059       1.97253
-48.4767       0.000271857       1.97253
-48.3567       0.000277972       1.97253
-48.2367       0.000284431       1.97253
-48.1167       0.000291263       1.97253
-47.9967       0.000298498       1.97253
-47.8767       0.000306171       1.97253
-47.7567       0.000314321       1.97253
-47.6367       0.000322991       1.97253
-47.5167       0.000332228       1.97253
-47.3967       0.000342086       1.97253
-47.2767       0.000352623       1.97253
-47.1567       0.000363907       1.97253
-47.0367       0.000376011       1.97253
-46.9167       0.000389021       1.97253
-46.7967       0.00040303       1.97253
-46.6767       0.000418146       1.97253
-46.5567       0.000434489       1.97253
-46.4367       0.000452197       1.97253
-46.3167       0.000471427       1.97253
-46.1967       0.000492355       1.97253
-46.0767       0.000515187       1.97253
-45.9567       0.000540154       1.97253
-45.8367       0.000567524       1.97253
-45.7167       0.000597603       1.97253
-45.5967       0.000630745       1.97253
-45.4767       0.000667357       1.97253
-45.3567       0.000707906       1.97253
-45.2367       0.000752933       1.97253
-45.1167       0.000803058       1.97253
-44.9967       0.000858993       1.97253
-44.8767       0.000921552       1.97253
-44.7567       0.000991657       1.97253
-44.6367       0.00107034       1.97253
-44.5167       0.00115874       1.97253
-44.3967       0.00125809       1.97253
-44.2767       0.00136963       1.97253
-44.1567       0.00149458       1.97253
-44.0367       0.00163393       1.97253
-43.9167       0.00178826       1.97253
-43.7967       0.00195733       1.97253
-43.6767       0.00213967       1.97253
-43.5567       0.00233196       1.97253
-43.4367       0.00252844       1.97253
-43.3167       0.00272047       1.97253
-43.1967       0.00289656       1.97253
-43.0767       0.00304328       1.97253
-42.9567       0.00314715       1.97253
-42.8367       0.00319732       1.97253
-42.7167       0.0031882       1.97253
-42.5967       0.00312099       1.97253
-42.4767       0.00300332       1.97253
-42.3567       0.00284728       1.97253
-42.2367       0.00266661       1.97253
-42.1167       0.00247423       1.97253
-41.9967       0.00228069       1.97253
-41.8767       0.00209364       1.97253
-41.7567       0.00191792       1.97253
-41.6367       0.00175615       1.97253
-41.5167       0.00160934       1.97253
-41.3967       0.00147737       1.97253
-41.2767       0.0013595       1.97253
-41.1567       0.00125464       1.97253
-41.0367       0.00116156       1.97253
-40.9167       0.00107899       1.97253
-40.7967       0.00100575       1.97253
-40.6767       0.000940732       1.97253
-40.5567       0.000882935       1.97253
-40.4367       0.000831477       1.97253
-40.3167       0.000785583       1.97253
-40.1967       0.000744573       1.97253
-40.0767       0.000707855       1.97253
-39.9567       0.000674916       1.97253
-39.8367       0.000645311       1.97253
-39.7167       0.000618651       1.97253
-39.5967       0.000594602       1.97253
-39.4767       0.000572871       1.97253
-39.3567       0.000553204       1.97253
-39.2367       0.00053538       1.97253
-39.1167       0.000519203       1.97253
-38.9967       0.000504505       1.97253
-38.8767       0.000491137       1.97253
-38.7567       0.000478968       1.97253
-38.6367       0.000467882       1.97253
-38.5167       0.000457778       1.97253
-38.3967       0.000448565       1.97253
-38.2767       0.000440163       1.97253
-38.1567       0.000432501       1.97253
-38.0367       0.000425516       1.97253
-37.9167       0.000419152       1.97253
-37.7967       0.000413357       1.97253
-37.6767       0.000408087       1.97253
-37.5567       0.000403302       1.97253
-37.4367       0.000398964       1.97253
-37.3167       0.000395041       1.97253
-37.1967       0.000391504       1.97253
-37.0767       0.000388325       1.97253
-36.9567       0.000385482       1.97253
-36.8367       0.000382951       1.97253
-36.7167       0.000380713       1.97253
-36.5967       0.000378752       1.97253
-36.4767       0.000377049       1.97253
-36.3567       0.000375591       1.97253
-36.2367       0.000374365       1.97253
-36.1167       0.000373358       1.97253
-35.9967       0.000372559       1.97253
-35.8767       0.000371959       1.97253
-35.7567       0.000371548       1.97253
-35.6367       0.000371319       1.97253
-35.5167       0.000371264       1.97253
-35.3967       0.000371376       1.97253
-35.2767       0.00037165       1.97253
-35.1567       0.000372081       1.97253
-35.0367       0.000372662       1.97253
-34.9167       0.000373392       1.97253
-34.7967       0.000374265       1.97253
-34.6767       0.000375278       1.97253
-34.5567       0.00037643       1.97253
-34.4367       0.000377717       1.97253
-34.3167       0.000379138       1.97253
-34.1967       0.000380692       1.97253
-34.0767       0.000382377       1.97253
-33.9567       0.000384193       1.97253
-33.8367       0.00038614       1.97253
-33.7167       0.000388218       1.97253
-33.5967       0.000390428       1.97253
-33.4767       0.000392771       1.97253
-33.3567       0.000395248       1.97253
-33.2367       0.000397861       1.97253
-33.1167       0.000400613       1.97253
-32.9967       0.000403506       1.97253
-32.8767       0.000406545       1.97253
-32.7567       0.000409733       1.97253
-32.6367       0.000413075       1.97253
-32.5167       0.000416576       1.97253
-32.3967       0.000420242       1.97253
-32.2767       0.00042408       1.97253
-32.1567       0.000428098       1.97253
-32.0367       0.000432305       1.97253
-31.9167       0.00043671       1.97253
-31.7967       0.000441324       1.97253
-31.6767       0.00044616       1.97253
-31.5567       0.000451232       1.97253
-31.4367       0.000456555       1.97253
-31.3167       0.000462148       1.97253
-31.1967       0.00046803       1.97253
-31.0767       0.000474225       1.97253
-30.9567       0.000480757       1.97253
-30.8367       0.000487657       1.97253
-30.7167       0.000494958       1.97253
-30.5967       0.000502696       1.97253
-30.4767       0.000510916       1.97253
-30.3567       0.000519666       1.97253
-30.2367       0.000529003       1.97253
-30.1167       0.000538988       1.97253
-29.9967       0.000549695       1.97253
-29.8767       0.000561204       1.97253
-29.7567       0.000573604       1.97253
-29.6367       0.000586995       1.97253
-29.5167       0.000601483       1.97253
-29.3967       0.000617177       1.97253
-29.2767       0.000634187       1.97253
-29.1567       0.000652607       1.97253
-29.0367       0.000672503       1.97253
-28.9167       0.000693891       1.97253
-28.7967       0.0007167       1.97253
-28.6767       0.000740746       1.97253
-28.5567       0.000765692       1.97253
-28.4367       0.000791041       1.97253
-28.3167       0.000816158       1.97253
-28.1967       0.000840349       1.97253
-28.0767       0.000863004       1.97253
-27.9567       0.000883754       1.97253
-27.8367       0.000902597       1.97253
-27.7167       0.000919928       1.97253
-27.5967       0.000936459       1.97253
-27.4767       0.000953054       1.97253
-27.3567       0.000970552       1.97253
-27.2367       0.000989618       1.97253
-27.1167       0.00101066       1.97253
-26.9967       0.00103378       1.97253
-26.8767       0.00105882       1.97253
-26.7567       0.00108544       1.97253
-26.6367       0.00111323       1.97253
-26.5167       0.00114185       1.97253
-26.3967       0.00117119       1.97253
-26.2767       0.00120136       1.97253
-26.1567       0.00123273       1.97253
-26.0367       0.00126583       1.97253
-25.9167       0.00130128       1.97253
-25.7967       0.0013398       1.97253
-25.6767       0.0013822       1.97253
-25.5567       0.00142936       1.97253
-25.4367       0.00148213       1.97253
-25.3167       0.00154117       1.97253
-25.1967       0.00160672       1.97253
-25.0767       0.00167832       1.97253
-24.9567       0.00175453       1.97253
-24.8367       0.00183272       1.97253
-24.7167       0.00190891       1.97253
-24.5967       0.00197796       1.97253
-24.4767       0.00203411       1.97253
-24.3567       0.00207192       1.97253
-24.2367       0.00208744       1.97253
-24.1167       0.00207923       1.97253
-23.9967       0.00204873       1.97253
-23.8767       0.00199985       1.97253
-23.7567       0.00193794       1.97253
-23.6367       0.00186867       1.97253
-23.5167       0.00179711       1.97253
-23.3967       0.0017272       1.97253
-23.2767       0.00166169       1.97253
-23.1567       0.00160224       1.97253
-23.0367       0.00154971       1.97253
-22.9167       0.00150436       1.97253
-22.7967       0.00146608       1.97253
-22.6767       0.00143456       1.97253
-22.5567       0.00140938       1.97253
-22.4367       0.00139008       1.97253
-22.3167       0.00137623       1.97253
-21.6167       0.00138797       1.97253
-20.9167       0.00152717       1.97253
-20.2167       0.00167311       1.97253
-19.5167       0.00172504       1.97253
-18.8167       0.0018385       1.97253
-18.1167       0.00206579       1.97253
-17.4167       0.00240427       1.97253
-16.7167       0.00288293       1.97253
-16.0167       0.00358329       1.97253
-15.3167       0.00464207       1.97253
-14.6167       0.006324       1.97253
-13.9167       0.00918402       1.97253
-13.2167       0.0144541       1.97253
-12.5167       0.0247463       1.97253
-11.8167       0.0420815       1.97253
-11.1167       0.0498619       1.97253
-10.4167       0.0340723       1.97253
-9.71675       0.019814       1.97253
-9.01675       0.0124299       1.97253
-8.31675       0.00876205       1.97253
-7.61675       0.00693543       1.97253
-6.91675       0.00616841       1.97253
-6.21675       0.00622981       1.97253
-5.51675       0.00728964       1.97253
-4.81675       0.00995551       1.97253
-4.11675       0.0141078       1.97253
-3.41675       0.0146548       1.97253
-2.71675       0.0106803       1.97253
-2.01675       0.00782787       1.97253
-1.31675       0.00666979       1.97253
-0.616747       0.00652598       1.97253
0.0832526       0.00710619       1.97253
0.783253       0.00844485       1.97253
1.48325       0.0108854       1.97253
2.18325       0.0152859       1.97253
2.88325       0.0234752       1.97253
3.58325       0.0373756       1.97253
4.28325       0.0518574       1.97253
4.98325       0.0669502       1.97253
5.68325       0.0770742       1.97253
6.38325       0.0611234       1.97253
7.08325       0.0423241       1.97253
7.78325       0.029161       1.97253
8.48325       0.0220784       1.97253
9.18325       0.0187058       1.97253
9.88325       0.0179182       1.97253
10.5833       0.0186746       1.97253
11.2833       0.0213924       1.97253
11.9833       0.025848       1.97253
12.6833       0.0252914       1.97253
13.3833       0.0203048       1.97253
14.0833       0.0167723       1.97253
14.7833       0.0154394       1.97253
15.4833       0.0164268       1.97253
16.1833       0.0192666       1.97253
16.8833       0.0221411       1.97253
17.5833       0.0210292       1.97253
18.2833       0.0172334       1.97253
18.9833       0.0152285       1.97253
19.6833       0.0143407       1.97253
20.3833       0.014322       1.97253
21.0833       0.0145015       1.97253
21.7833       0.013776       1.97253
22.4833       0.00974644       1.97253
23.1833       0.00656705       1.97253
23.8833       0.00501929       1.97253
24.5833       0.00454901       1.97253
25.2833       0.00487093       1.97253
25.9833       0.00497775       1.97253
26.6833       0.0040027       1.97253
27.3833       0.00323224       1.97253
28.0833       0.00300871       1.97253
28.7833       0.00327882       1.97253
29.4833       0.00421362       1.97253
30.1833       0.00624421       1.97253
30.8833       0.00871937       1.97253
31.5833       0.00818321       1.97253
32.2833       0.00661339       1.97253
32.9833       0.00569396       1.97253
33.6833       0.00444626       1.97253
34.3833       0.00354167       1.97253
35.0833       0.00260915       1.97253
35.7833       0.00187834       1.97253
36.4833       0.001458       1.97253
37.1833       0.00122323       1.97253
37.8833       0.00110018       1.97253
38.5833       0.00106762       1.97253
39.2833       0.00113475       1.97253
39.9833       0.00125541       1.97253
40.6833       0.00120941       1.97253
41.3833       0.00110366       1.97253
42.0833       0.00112734       1.97253
42.7833       0.00124215       1.97253
43.4833       0.0013478       1.97253
44.1833       0.00142752       1.97253
44.8833       0.00141171       1.97253
45.5833       0.00142006       1.97253
46.2833       0.0014651       1.97253
46.9833       0.00150453       1.97253
47.6833       0.00160404       1.97253
48.3833       0.0018451       1.97253
49.0833       0.00196861       1.97253
49.7833       0.00184059       1.97253
50.4833       0.00183257       1.97253
51.1833       0.00210157       1.97253
51.8833       0.00235086       1.97253
52.5833       0.0025479       1.97253
53.2833       0.00326756       1.97253
53.9833       0.00474491       1.97253
54.6833       0.00616468       1.97253
55.3833       0.00600848       1.97253
56.0833       0.00456933       1.97253
56.7833       0.00321806       1.97253
57.4833       0.00260379       1.97253
58.1833       0.00216148       1.97253
58.8833       0.00184188       1.97253
59.5833       0.00191142       1.97253
60.2833       0.00233242       1.97253
60.9833       0.00286202       1.97253
61.6833       0.0025225       1.97253
62.3833       0.00170672       1.97253
63.0833       0.00124749       1.97253
63.7833       0.00106114       1.97253
64.4833       0.000862977       1.97253
65.1833       0.000669761       1.97253
65.8833       0.000569781       1.97253
66.5833       0.000549257       1.97253
67.2833       0.000556766       1.97253
67.9833       0.000505632       1.97253
68.6833       0.000457115       1.97253
69.3833       0.000448582       1.97253
70.0833       0.00046841       1.97253
70.7833       0.000499533       1.97253
71.4833       0.000590452       1.97253
72.1833       0.000699132       1.97253
72.8833       0.000651557       1.97253
73.5833       0.000582228       1.97253
74.2833       0.000571484       1.97253
74.9833       0.000578178       1.97253
75.6833       0.000591951       1.97253
76.3833       0.000616393       1.97253
77.0833       0.000632489       1.97253
77.7833       0.000583217       1.97253
78.4833       0.000540127       1.97253
79.1833       0.000516984       1.97253
79.8833       0.000485126       1.97253
80.5833       0.000461594       1.97253
81.2833       0.000461599       1.97253
81.9833       0.000457618       1.97253
82.6833       0.000466376       1.97253
83.3833       0.000493526       1.97253
84.0833       0.0005086       1.97253
84.7833       0.000511517       1.97253
85.4833       0.000496319       1.97253
86.1833       0.000526058       1.97253
86.8833       0.00059106       1.97253
87.5833       0.000587975       1.97253
88.2833       0.000596943       1.97253
88.9833       0.000703871       1.97253
89.6833       0.000788813       1.97253
90.3833       0.000689607       1.97253
91.0833       0.000613669       1.97253
91.7833       0.000610111       1.97253
92.4833       0.000601533       1.97253
93.1833       0.000563469       1.97253
93.8833       0.000463595       1.97253
94.5833       0.000335762       1.97253
95.2833       0.000262276       1.97253
95.9833       0.00023677       1.97253
96.6833       0.000233798       1.97253
97.3833       0.000235514       1.97253
98.0833       0.00022074       1.97253
98.7833       0.000183048       1.97253
99.4833       0.000161647       1.97253
100.183       0.000160429       1.97253
100.883       0.0001711       1.97253
101.583       0.000184232       1.97253
102.283       0.000193332       1.97253
102.983       0.000201757       1.97253
103.683       0.000217648       1.97253
104.383       0.000243087       1.97253
105.083       0.000272082       1.97253
105.783       0.000311885       1.97253
106.483       0.000357719       1.97253
107.183       0.00038834       1.97253
107.883       0.000375726       1.97253
108.583       0.000362076       1.97253
109.283       0.000366585       1.97253
109.983       0.000383987       1.97253
110.683       0.000404721       1.97253
111.383       0.00039719       1.97253
112.083       0.000373533       1.97253
112.783       0.000354295       1.97253
113.483       0.000368727       1.97253
114.183       0.000377186       1.97253
114.883       0.000340723       1.97253
115.583       0.000299182       1.97253
116.283       0.000273564       1.97253
116.983       0.0002868       1.97253
117.683       0.000292534       1.97253
118.383       0.000246209       1.97253
119.083       0.000207581       1.97253
119.783       0.0001728       1.97253
120.483       0.000140397       1.97253
121.183       0.000124462       1.97253
121.883       0.000125539       1.97253
122.583       0.000125668       1.97253
123.283       0.000112868       1.97253
123.983       0.000101134       1.97253
124.683       9.31156e-05       1.97253
125.383       9.1368e-05       1.97253
126.083       9.59821e-05       1.97253
126.783       9.78751e-05       1.97253
127.483       8.14783e-05       1.97253
128.183       6.64863e-05       1.97253
128.883       5.86708e-05       1.97253
129.583       5.53879e-05       1.97253
130.283       5.5395e-05       1.97253
130.983       5.89548e-05       1.97253
131.683       6.43938e-05       1.97253
132.383       6.53892e-05       1.97253
133.083       6.71874e-05       1.97253
133.783       7.54975e-05       1.97253
134.483       8.66826e-05       1.97253
135.183       9.62471e-05       1.97253
135.883       9.58357e-05       1.97253
136.583       9.65924e-05       1.97253
137.283       0.000104956       1.97253
137.983       0.000114       1.97253
138.683       0.000119507       1.97253
139.383       0.000118634       1.97253
140.083       0.00011013       1.97253
140.783       0.000101188       1.97253
141.483       9.97306e-05       1.97253
142.183       0.000106611       1.97253
142.883       0.000114327       1.97253
143.583       0.000118274       1.97253
144.283       0.000125033       1.97253
144.983       0.000123263       1.97253
145.683       0.000120322       1.97253
146.383       0.000125696       1.97253
147.083       0.000134471       1.97253
147.783       0.000133944       1.97253
148.483       0.000108015       1.97253
149.183       8.24723e-05       1.97253
149.883       6.72731e-05       1.97253
150.583       5.98394e-05       1.97253
151.283       5.70909e-05       1.97253
151.983       5.42422e-05       1.97253
152.683       5.05746e-05       1.97253
153.383       4.51759e-05       1.97253
154.083       4.10871e-05       1.97253
154.783       3.73969e-05       1.97253
155.483       3.58131e-05       1.97253
156.183       3.44278e-05       1.97253
156.883       3.11029e-05       1.97253
157.583       2.85426e-05       1.97253
158.283       2.70596e-05       1.97253
158.983       2.61456e-05       1.97253
159.683       2.57164e-05       1.97253
160.383       2.57452e-05       1.97253
161.083       2.63086e-05       1.97253
161.783       2.76915e-05       1.97253
162.483       3.05512e-05       1.97253
163.183       3.57435e-05       1.97253
163.883       4.17405e-05       1.97253
164.583       4.76808e-05       1.97253
165.283       5.3545e-05       1.97253
165.983       5.50022e-05       1.97253
166.683       5.37931e-05       1.97253
167.383       5.13634e-05       1.97253
168.083       4.98613e-05       1.97253
168.783       5.14605e-05       1.97253
169.483       5.56542e-05       1.97253
170.183       5.84911e-05       1.97253
170.883       5.88435e-05       1.97253
171.583       5.46267e-05       1.97253
172.283       4.87349e-05       1.97253
172.983       4.15301e-05       1.97253
173.683       3.6157e-05       1.97253
174.383       3.24505e-05       1.97253
175.083       2.97806e-05       1.97253
175.783       2.95638e-05       1.97253
176.483       3.1922e-05       1.97253
177.183       3.41577e-05       1.97253
177.883       3.18219e-05       1.97253
178.583       2.79122e-05       1.97253
179.283       2.49023e-05       1.97253
179.983       2.36297e-05       1.97253
180.683       2.31823e-05       1.97253
181.383       2.24388e-05       1.97253
182.083       2.11389e-05       1.97253
182.783       2.05623e-05       1.97253
183.483       2.09305e-05       1.97253
184.183       2.18693e-05       1.97253
184.883       2.23852e-05       1.97253
185.583       2.00726e-05       1.97253
186.283       1.77361e-05       1.97253
186.983       1.64038e-05       1.97253
187.683       1.56552e-05       1.97253
188.383       1.52118e-05       1.97253
189.083       1.49484e-05       1.97253
189.783       1.48162e-05       1.97253
190.483       1.48097e-05       1.97253
191.183       1.49623e-05       1.97253
191.883       1.53689e-05       1.97253
192.583       1.62476e-05       1.97253
193.283       1.7966e-05       1.97253
193.983       2.01118e-05       1.97253
194.683       2.06308e-05       1.97253
195.383       2.09349e-05       1.97253
196.083       2.19168e-05       1.97253
196.783       2.25853e-05       1.97253
197.483       2.42449e-05       1.97253
198.183       2.70687e-05       1.97253
198.883       2.75719e-05       1.97253
199.583       2.54002e-05       1.97253
200.283       2.47937e-05       1.97253
200.983       2.49599e-05       1.97253
201.683       2.53287e-05       1.97253
202.383       2.56089e-05       1.97253
203.083       2.45223e-05       1.97253
203.783       2.24487e-05       1.97253
204.483       2.10372e-05       1.97253
205.183       2.12092e-05       1.97253
205.883       2.20907e-05       1.97253
206.583       2.24941e-05       1.97253
207.283       2.08211e-05       1.97253
207.983       1.82181e-05       1.97253
208.683       1.6577e-05       1.97253
209.383       1.58776e-05       1.97253
210.083       1.58038e-05       1.97253
210.783       1.66901e-05       1.97253
211.483       1.71251e-05       1.97253
212.183       1.54382e-05       1.97253
212.883       1.41347e-05       1.97253
213.583       1.38403e-05       1.97253
214.283       1.42781e-05       1.97253
214.983       1.3797e-05       1.97253
215.683       1.23454e-05       1.97253
216.383       1.13522e-05       1.97253
217.083       1.0786e-05       1.97253
217.783       1.03993e-05       1.97253
218.483       1.00985e-05       1.97253
219.183       9.86871e-06       1.97253
219.883       9.69013e-06       1.97253
220.583       9.54309e-06       1.97253
221.283       9.41616e-06       1.97253
221.983       9.30296e-06       1.97253
222.683       9.19967e-06       1.97253
223.383       9.10388e-06       1.97253
224.083       9.01395e-06       1.97253
224.783       8.92875e-06       1.97253
225.483       8.84745e-06       1.97253
226.183       8.76944e-06       1.97253
226.883       8.69424e-06       1.97253
227.583       8.6215e-06       1.97253
228.283       8.55091e-06       1.97253
228.983       8.48224e-06       1.97253
229.683       8.41531e-06       1.97253
230.383       8.34995e-06       1.97253
231.083       8.28602e-06       1.97253
231.783       8.22343e-06       1.97253
232.483       8.16207e-06       1.97253
233.183       8.10185e-06       1.97253
233.883       8.04272e-06       1.97253
234.583       7.98459e-06       1.97253
235.283       7.92743e-06       1.97253
235.983       7.87118e-06       1.97253
236.683       7.81579e-06       1.97253
237.383       7.76123e-06       1.97253
238.083       7.70746e-06       1.97253
238.783       7.65445e-06       1.97253
239.483       7.60217e-06       1.97253
240.183       7.5506e-06       1.97253
240.883       7.49971e-06       1.97253
241.583       7.44947e-06       1.97253
242.283       7.39987e-06       1.97253
242.983       7.35089e-06       1.97253
243.683       7.30251e-06       1.97253
244.383       7.25471e-06       1.97253
245.083       7.20748e-06       1.97253
245.783       7.1608e-06       1.97253
246.483       7.11465e-06       1.97253
247.183       7.06904e-06       1.97253
247.883       7.02394e-06       1.97253
248.583       6.97934e-06       1.97253
249.283       6.93523e-06       1.97253
249.983       6.8916e-06       1.97253
250.683       6.84844e-06       1.97253
251.383       6.80574e-06       1.97253
252.083       6.76349e-06       1.97253
252.783       6.72169e-06       1.97253
253.483       6.68032e-06       1.97253
254.183       6.63937e-06       1.97253
