#
#
#   poles of the spectral functions (both aprticle and hole)
#
#   k = 0 fm^-1 (group = 0)     and E_F = -50.9208 MeV
#
#
#    E               A(k,E)

-167.888       0.176053
-167.726       3.19074e-15
-167.043       5.11788e-18
-167.043       1.42111e-15
-167.043       6.46551e-17
-166.574       1.13722e-16
-166.574       1.54579e-16
-166.574       3.44878e-17
-166.45       2.15302e-16
-166.45       9.62389e-19
-166.449       1.19446e-15
-166.449       1.62114e-16
-166.449       2.34814e-15
-166.373       1.08045e-16
-166.373       6.83141e-16
-166.373       5.25981e-15
-166.237       1.55879e-17
-166.237       2.13947e-15
-166.237       1.31237e-15
-166.174       8.77033e-16
-166.174       1.44866e-16
-166.126       8.52352e-17
-166.126       9.95562e-16
-166.126       5.26072e-16
-164.881       3.09662e-17
-164.702       9.90807e-16
-164.702       5.16314e-16
-164.702       1.12346e-16
-164.549       1.78788e-16
-164.549       5.66067e-18
-164.549       5.21819e-16
-164.482       5.65184e-17
-164.482       3.55779e-16
-164.459       5.49175e-17
-164.459       9.41727e-17
-164.459       1.36109e-17
-161.43       2.76511e-15
-161.43       2.24223e-16
-161.43       1.18998e-16
-161.41       1.73641e-15
-161.41       7.99095e-16
-161.2       0.123586
-161.188       1.60913e-13
-161.188       1.01877e-15
-161.187       1.62794e-13
-160.897       6.75462e-15
-160.897       2.41321e-16
-160.897       7.8336e-16
-153.335       1.00206e-14
-153.01       0.244716
-151.986       7.28584e-17
-151.986       1.47989e-15
-151.986       1.93386e-15
-151.337       1.08753e-15
-151.337       7.13995e-16
-151.262       2.88733e-15
-151.262       1.54852e-15
-151.24       2.24701e-15
-151.24       5.04805e-16
-150.996       6.39412e-16
-149.993       1.18984e-16
-149.992       2.86241e-16
-149.685       2.52701e-15
-149.685       3.41741e-16
-149.596       1.42247e-16
-149.596       1.59656e-15
-148.814       1.0551e-15
-148.813       5.15386e-15
-148.655       0.175793
-147.772       3.42766e-15
-147.551       1.03184e-15
-147.265       6.69133e-16
-147.255       1.99561e-17
-147.141       1.06445e-15
-146.773       1.57807e-15
-146.766       2.08208e-16
-146.472       2.56088e-16
-146.251       1.54481e-15
-146.063       4.69584e-16
-145.837       4.07077e-16
-145.82       5.28915e-16
-145.019       3.70908e-16
-144.781       7.98348e-16
-144.449       4.36879e-16
-144.417       3.82988e-15
-144.154       0.0412081
-143.64       5.90527e-16
-143.375       4.9689e-16
-143.352       6.23416e-19
-143.062       2.78899e-15
-142.559       4.6612e-14
-142.556       2.60143e-13
-142.515       0.246171
-142.438       1.0407e-13
-141.942       4.14425e-15
-141.932       3.84623e-14
-141.749       3.7418e-15
-141.73       5.5355e-15
-141.612       4.98484e-15
-141.049       2.37917e-15
-140.969       2.07972e-15
-140.919       1.1395e-16
-140.754       2.4748e-15
-140.194       4.03323e-17
-140.1       2.93537e-15
-139.91       1.6662e-15
-139.805       4.54498e-16
-139.616       8.42425e-16
-139.456       4.61816e-16
-139.274       1.49018e-15
-139.034       6.03695e-15
-138.818       1.30104e-16
-138.037       5.04776e-15
-137.918       1.22006e-14
-137.68       4.57325e-14
-137.472       0.325033
-137.421       7.07832e-15
-137.179       4.12864e-16
-137.022       1.40686e-15
-136.84       2.44683e-15
-136.648       4.50161e-15
-136.289       8.17055e-16
-136.098       4.19803e-16
-135.87       2.02479e-15
-135.624       4.01632e-15
-135.371       9.51062e-16
-135.161       1.02592e-14
-134.955       0.0953649
-134.822       3.0323e-15
-134.61       1.05818e-15
-134.384       8.41341e-16
-134.068       2.02442e-15
-133.839       1.12627e-15
-133.433       2.48608e-16
-133.209       1.29177e-15
-133.078       0.203518
-132.93       2.58777e-15
-132.854       2.38524e-15
-132.642       2.38308e-15
-132.28       1.32078e-15
-132.11       1.56125e-17
-131.951       2.25167e-15
-131.723       1.83447e-16
-131.626       1.01573e-15
-131.309       3.71556e-16
-131.092       2.28983e-16
-131.003       1.01481e-16
-130.881       7.91034e-16
-130.746       1.26071e-15
-130.688       1.29454e-16
-130.542       9.47322e-16
-130.496       1.92018e-15
-130.195       9.2301e-16
-129.652       2.07048e-16
-129.556       8.19163e-16
-129.485       3.00478e-16
-128.382       1.0129e-16
-128.346       1.63885e-16
-128.273       8.91443e-16
-127.696       2.87121e-16
-127.573       4.77049e-18
-127.532       8.46481e-16
-124.387       2.19837e-16
-124.387       1.19571e-15
-124.357       2.36153e-18
-123.622       1.72858e-16
-123.621       3.75461e-17
-121.2       0.0434287
-120.547       4.65055e-16
-120.546       6.1429e-17
-120.439       1.2406e-16
-120.438       9.04112e-16
-119.973       1.99946e-16
-119.973       4.24867e-16
-119.746       1.60279e-17
-119.746       3.7383e-16
-111.399       1.56257e-15
-111.399       4.97885e-15
-110.77       1.24681e-15
-110.075       5.16989e-15
-109.829       0.523073
-109.764       7.71137e-14
-109.48       1.57204e-14
-109.274       2.23107e-15
-108.961       7.7082e-15
-108.947       1.82233e-15
-108.908       0.0259794
-108.739       7.80553e-16
-108.501       7.25773e-15
-108.349       3.57353e-15
-108.342       3.5397e-15
-108.185       8.09032e-15
-108.136       1.57491e-15
-107.696       2.5392e-16
-107.395       8.98587e-16
-107.365       5.27356e-16
-107.274       1.58467e-15
-107.09       1.76074e-16
-106.989       2.07083e-15
-106.845       1.56819e-15
-106.749       6.41848e-16
-106.647       3.56746e-15
-106.465       1.66447e-15
-106.084       1.93552e-15
-105.858       2.55742e-15
-105.776       1.53003e-15
-105.551       2.75778e-15
-105.496       1.06751e-15
-105.317       2.65846e-16
-105.232       5.22585e-16
-105.073       1.40729e-15
-104.805       1.50476e-15
-104.741       1.47191e-15
-104.641       2.69533e-16
-104.424       4.02239e-17
-104.308       7.23759e-16
-104.233       7.14598e-16
-103.993       2.16268e-15
-102.877       4.62507e-16
-102.784       7.3162e-16
-102.703       1.29519e-15
-102.622       6.26344e-16
-102.508       4.43222e-16
-102.434       1.59931e-15
-102.237       2.89265e-16
-102.158       6.42715e-16
-102.063       3.97035e-16
-101.975       5.92733e-16
-101.858       2.09034e-16
-101.792       1.92934e-16
-101.578       1.00058e-15
-101.419       3.85264e-16
-101.049       6.55587e-14
-101.048       7.52254e-14
-100.998       2.44906e-13
-100.985       0.0517643
-100.002       1.94392e-15
-99.8366       1.61639e-15
-99.6705       8.66372e-16
-99.602       5.1668e-16
-99.2952       6.8013e-16
-99.2303       5.58595e-16
-99.159       5.74627e-17
-99.0048       9.62772e-17
-98.9812       2.60209e-17
-98.9648       5.11743e-17
-98.7791       1.24778e-15
-98.7385       1.41112e-16
-98.5379       2.50798e-15
-98.5316       1.93968e-16
-98.1055       0.0410839
-97.8665       5.30066e-15
-97.8159       1.54529e-15
-97.8058       2.35576e-16
-97.592       3.67844e-16
-97.5036       6.92815e-16
-96.7833       1.4962e-17
-96.7427       5.47708e-17
-96.7407       5.20417e-17
-96.6777       3.49609e-16
-96.5764       5.41234e-16
-96.5761       9.54109e-16
-96.4119       0.00744234
-95.8822       6.41108e-18
-95.8822       6.32429e-17
-95.6051       1.4091e-16
-95.605       9.92624e-19
-95.368       2.22895e-16
-94.9465       3.37744e-16
-94.9464       3.8614e-16
-94.583       7.12524e-18
-94.5823       2.54172e-16
-94.5822       8.78501e-17
-94.1091       2.62873e-16
-93.9395       8.74073e-17
-93.9393       3.34425e-16
-93.2968       5.88708e-16
-93.2967       2.08285e-16
-93.2966       8.45672e-17
-93.1571       1.23915e-16
-93.1571       3.51392e-16
-93.157       5.04044e-16
-92.2242       3.15469e-16
-88.1612       1.73539e-16
-88.1612       3.02521e-16
-83.3166       2.39898e-16
-83.3164       2.71347e-17
-83.3163       8.83467e-17
-82.9794       2.46586e-16
-82.9792       8.24967e-17
-82.9791       3.71418e-17
-82.3927       3.76266e-16
-82.3927       1.75878e-17
-82.3926       4.81591e-17
-81.5958       1.39056e-15
-81.5952       3.78782e-17
-81.5952       1.92402e-16
-81.5028       9.70779e-16
-81.5026       4.38326e-17
-81.1393       0.154724
-71.1436       0.569557


-5.63534       5.11238e-17
-5.63534       1.79369e-16
-5.63534       4.43153e-17
-5.52733       8.84311e-17
-4.87463       1.86153e-16
-4.87463       6.2847e-17
-4.87463       2.00568e-17
-4.39313       0.0549825
5.87485       4.81097e-17
6.00897       8.8165e-17
6.17123       1.73814e-18
6.2167       4.66828e-18
6.39354       2.87046e-17
6.45268       2.15192e-18
6.62123       1.14813e-16
6.66062       1.01054e-16
6.67266       9.54286e-17
7.05134       8.59378e-17
7.10496       1.01528e-16
7.23639       2.95251e-18
7.58183       9.14959e-19
7.96881       2.64941e-16
8.35464       4.47529e-16
8.59803       1.23161e-15
8.68995       8.36546e-16
8.86337       0.0460266
8.983       2.00381e-16
9.16996       1.45167e-16
9.95798       1.01391e-17
10.0861       1.40339e-17
10.497       1.22982e-16
10.7749       1.45529e-16
11.0874       1.671e-16
11.6002       2.21183e-16
11.7486       1.7636e-16
12.4886       3.26505e-17
12.6595       0.0198105
12.7025       8.56686e-18
13.3431       1.41844e-17
13.8971       1.19728e-16
14.2345       1.2411e-16
14.6906       4.71713e-17
15.3458       6.78529e-17
15.7222       8.47884e-17
16.4009       1.57106e-17
16.8355       0.0155105
17.2083       2.18547e-16
17.5598       1.43036e-16
18.0178       3.83528e-17
18.9994       0.0427611
19.2       8.99287e-16
19.6157       9.04564e-16
19.7149       3.81585e-16
20.4651       8.03941e-17
22.5607       5.54597e-17
23.0027       0.0203037
23.7084       7.3222e-17
23.7887       9.69605e-18
23.8904       3.96037e-18
25.1186       2.08626e-18
25.5712       8.07798e-17
25.6086       2.94248e-17
27.1797       3.39478e-17
27.2852       3.94835e-17
28.5208       2.11358e-17
30.4208       1.87698e-16
30.7113       6.59731e-16
31.1141       0.0176604
38.5489       1.26086e-16
38.7451       2.82932e-17
39.1324       1.43645e-16
39.4874       0.00980072
39.5132       1.46992e-15
40.7781       0.0125485
40.8794       1.11386e-15
41.6187       2.26899e-16
42.4917       0.00504255
42.8566       0.0064768
44.2719       0.00964748
44.4037       1.06441e-15
45.7269       1.5998e-16
47.2091       0.0161963
47.9261       0.0235013
48.3026       3.99838e-14
48.3805       0.0249949
49.0783       0.0147527
49.3799       0.00311291
51.0733       0.00934399
52.0678       0.0162611
52.7344       0.0125559
54.2473       2.56993e-16
54.8196       0.0107658
55.3205       3.33062e-16
56.383       0.00556201
58.0649       0.0109193
58.7426       7.71434e-17
59.9993       1.56154e-17
61.686       2.20624e-16
62.2499       5.89519e-17
62.2949       0.0198335
63.6871       2.98353e-17
64.8895       1.1033e-17
67.0622       0.00383343
67.1419       3.34052e-17
69.5139       5.60239e-17
70.3869       3.22866e-17
71.8154       1.82098e-16
72.0447       0.0122708
73.2043       1.68537e-16
75.3233       0.0133742
75.3595       6.15971e-15
76.0671       0.0141662
78.8915       0.00043745
79.0151       0.00406038
80.2025       0.0147374
80.2787       4.56334e-15
81.6021       0.0132907
83.4537       4.99613e-16
83.77       0.0151601
84.746       1.61744e-16
87.2362       1.80029e-16
87.834       0.0145842
88.6886       0.00115185
89.2756       1.09457e-16
91.2721       6.65297e-17
93.9184       0.00891252
94.0194       4.02766e-16
94.8272       7.15197e-17
96.3291       0.000203856
101.163       0.00110288
102.92       0.00440688
103.492       0.000423954
104.151       0.00132515
104.902       0.00117635
105.929       0.000464867
106.486       0.00349922
107.148       0.00193093
109.065       0.0118382
109.849       0.0171102
110.578       0.00649985
111.024       0.000926379
111.414       0.00434177
111.81       0.00273496
112.117       0.00536582
112.91       0.00160307
113.33       0.00225803
114.286       0.00572412
114.893       0.00360361
115.818       0.0134394
118.063       0.00826859
118.344       0.014244
119.618       0.00127858
121.198       0.000337764
123.105       3.8646e-17
125.209       3.46722e-17
126.509       0.00836403
126.521       5.3134e-15
127.703       7.6696e-17
128.545       6.87183e-18
134.584       0.00221992
134.635       2.13852e-15
135.709       0.010599
136.423       2.17115e-15
137.743       1.80993e-17
139.343       0.00593702
140.326       0.00648749
142.081       0.00445656
142.347       0.00315667
142.473       0.00476929
143.05       0.00149138
144.791       0.012534
145.285       3.7277e-16
147.369       0.000787089
147.5       6.88786e-16
148.768       0.0118703
149.07       3.05643e-15
150.273       0.00699048
150.289       4.05177e-17
151.35       5.32631e-17
151.941       1.96722e-17
152.363       2.25629e-18
165.61       2.75394e-16
165.823       0.00940831
165.841       2.1874e-16
166.742       0.00258984
166.87       0.00839083
167.917       2.49922e-17
168.899       0.0100198
169.146       9.58961e-17
170.551       1.47858e-16
171.501       0.00607562
171.988       0.000378702
173.211       0.00576413
173.49       0.00455766
174.865       5.64125e-17
176.219       0.00567695
176.268       4.75151e-17
177.794       7.34735e-17
178.694       8.34103e-17
179.547       0.000314239
180.828       1.74226e-17
182.918       8.41401e-17
183.885       4.4565e-17
184.758       0.0023687
185.01       7.67754e-17
186.237       6.18044e-17
187.375       2.14328e-17
187.761       0.00356712
188.636       2.21849e-17
189.093       1.07443e-17
190.073       1.29018e-16
193.419       0.00954679
193.524       7.95301e-17
194.299       1.10283e-16
195.048       9.8181e-17
196.573       4.74204e-18
197.38       0.00653297
197.508       9.92039e-17
198.82       4.64522e-16
199.417       0.00884575
199.473       2.56571e-16
200.949       3.03233e-17
202.002       2.99117e-17
203.052       1.21783e-16
203.13       0.00477238
203.913       2.24296e-16
205.007       9.41708e-17
205.519       0.00436741
205.995       1.03417e-17
207.073       7.42248e-20
207.931       1.05593e-17
208.664       2.06078e-17
209.127       0.000837612
209.837       5.06989e-17
210.959       3.40089e-18
211.24       0.00314683
211.807       1.15329e-16
212.625       2.79724e-17
212.924       0.00144703
213.255       3.06094e-17
213.768       1.38155e-17
214.891       1.68393e-17
215.27       9.36351e-18
215.496       0.00234637
215.709       6.54697e-17
216.074       1.26822e-16
216.612       9.80046e-18
216.902       1.85285e-17
217.322       1.28196e-17
217.486       0.0057246
217.69       1.0783e-17
217.94       3.25694e-18
218.159       4.59545e-18
218.249       1.38993e-17
218.312       3.76261e-17
219.248       3.19497e-17
219.552       1.40297e-17
237.602       3.84044e-17
237.602       3.39306e-18
239.629       5.84969e-17
239.744       6.74005e-20
239.999       0.0045562
240.438       3.55061e-18
240.467       3.70666e-17
240.481       3.82832e-17
240.483       3.8702e-17
240.522       2.91094e-17
240.572       1.99521e-17
240.854       8.178e-17
241.497       3.20696e-17
241.811       3.69105e-17
241.923       4.64616e-17
241.931       7.26052e-18
243.473       1.8974e-17
243.584       4.75593e-17
243.87       3.5404e-17
243.898       4.92404e-17
243.912       2.26723e-17
244.127       2.27151e-17
244.187       0.00520304
244.872       9.21986e-17
245.024       7.82302e-18
245.028       4.66688e-17
245.034       7.39268e-19
245.083       2.10744e-18
245.2       2.17022e-17
245.204       6.93376e-17
245.286       2.28523e-17
245.376       2.76719e-17
245.74       9.09641e-18
245.757       1.716e-17
245.774       1.18747e-17
245.795       2.91925e-17
245.798       6.95288e-18
245.817       2.08346e-16
246.526       6.33792e-18
246.575       4.00866e-20
246.584       1.62881e-19
246.584       1.94595e-17
246.649       2.0321e-17
