#
#
#   Lonertzian-smoothed spectral function (both aprticle and hole)
#
#   k = 2.41585 fm^-1      and E_F = -50.9208 MeV
#
#
#    E               A(k,E)           k 

-301.432       3.05748e-06       2.41585
-300.732       3.06982e-06       2.41585
-300.032       3.08223e-06       2.41585
-299.332       3.09472e-06       2.41585
-298.632       3.1073e-06       2.41585
-297.932       3.11996e-06       2.41585
-297.232       3.1327e-06       2.41585
-296.532       3.14552e-06       2.41585
-295.832       3.15843e-06       2.41585
-295.132       3.17142e-06       2.41585
-294.432       3.1845e-06       2.41585
-293.732       3.19767e-06       2.41585
-293.032       3.21093e-06       2.41585
-292.332       3.22429e-06       2.41585
-291.632       3.23773e-06       2.41585
-290.932       3.25127e-06       2.41585
-290.232       3.2649e-06       2.41585
-289.532       3.27863e-06       2.41585
-288.832       3.29247e-06       2.41585
-288.132       3.3064e-06       2.41585
-287.432       3.32044e-06       2.41585
-286.732       3.33458e-06       2.41585
-286.032       3.34883e-06       2.41585
-285.332       3.3632e-06       2.41585
-284.632       3.37768e-06       2.41585
-283.932       3.39227e-06       2.41585
-283.232       3.407e-06       2.41585
-282.532       3.42185e-06       2.41585
-281.832       3.43683e-06       2.41585
-281.132       3.45195e-06       2.41585
-280.432       3.46723e-06       2.41585
-279.732       3.48266e-06       2.41585
-279.032       3.49826e-06       2.41585
-278.332       3.51405e-06       2.41585
-277.632       3.53004e-06       2.41585
-276.932       3.54627e-06       2.41585
-276.232       3.56276e-06       2.41585
-275.532       3.57956e-06       2.41585
-274.832       3.59675e-06       2.41585
-274.132       3.61444e-06       2.41585
-273.432       3.63279e-06       2.41585
-272.732       3.65211e-06       2.41585
-272.032       3.67294e-06       2.41585
-271.332       3.69638e-06       2.41585
-270.632       3.7248e-06       2.41585
-269.932       3.76288e-06       2.41585
-269.232       3.81257e-06       2.41585
-268.532       3.84481e-06       2.41585
-267.832       3.85443e-06       2.41585
-267.132       3.88611e-06       2.41585
-266.432       3.9529e-06       2.41585
-265.732       4.00867e-06       2.41585
-265.032       3.98063e-06       2.41585
-264.332       3.94767e-06       2.41585
-263.632       3.9419e-06       2.41585
-262.932       3.95336e-06       2.41585
-262.232       3.97555e-06       2.41585
-261.532       4.00502e-06       2.41585
-260.832       4.03977e-06       2.41585
-260.132       4.08591e-06       2.41585
-259.432       4.15303e-06       2.41585
-258.732       4.25761e-06       2.41585
-258.032       4.41411e-06       2.41585
-257.332       4.56278e-06       2.41585
-256.632       4.72261e-06       2.41585
-255.932       5.08995e-06       2.41585
-255.232       5.63027e-06       2.41585
-254.532       5.61648e-06       2.41585
-253.832       5.18056e-06       2.41585
-253.132       4.9958e-06       2.41585
-252.432       5.12464e-06       2.41585
-251.732       5.57062e-06       2.41585
-251.032       5.91936e-06       2.41585
-250.332       5.47926e-06       2.41585
-249.632       4.96884e-06       2.41585
-248.932       4.69679e-06       2.41585
-248.232       4.56415e-06       2.41585
-247.532       4.49858e-06       2.41585
-246.832       4.46695e-06       2.41585
-246.132       4.45396e-06       2.41585
-245.432       4.45202e-06       2.41585
-244.732       4.4571e-06       2.41585
-244.032       4.46689e-06       2.41585
-243.332       4.48e-06       2.41585
-242.632       4.49558e-06       2.41585
-241.932       4.51307e-06       2.41585
-241.232       4.53209e-06       2.41585
-240.532       4.55241e-06       2.41585
-239.832       4.57387e-06       2.41585
-239.132       4.59636e-06       2.41585
-238.432       4.61984e-06       2.41585
-237.732       4.64428e-06       2.41585
-237.032       4.66971e-06       2.41585
-236.332       4.69618e-06       2.41585
-235.632       4.7238e-06       2.41585
-234.932       4.7527e-06       2.41585
-234.232       4.78311e-06       2.41585
-233.532       4.81534e-06       2.41585
-232.832       4.84981e-06       2.41585
-232.132       4.88721e-06       2.41585
-231.432       4.92854e-06       2.41585
-230.732       4.97542e-06       2.41585
-230.032       5.03058e-06       2.41585
-229.332       5.09891e-06       2.41585
-228.632       5.18985e-06       2.41585
-227.932       5.32316e-06       2.41585
-227.232       5.54172e-06       2.41585
-226.532       5.91843e-06       2.41585
-225.832       6.36744e-06       2.41585
-225.132       6.4196e-06       2.41585
-224.432       6.40886e-06       2.41585
-223.732       6.54597e-06       2.41585
-223.032       6.38788e-06       2.41585
-222.332       6.2382e-06       2.41585
-221.632       6.37123e-06       2.41585
-220.932       6.72812e-06       2.41585
-220.232       6.93918e-06       2.41585
-219.532       7.09662e-06       2.41585
-218.832       7.32846e-06       2.41585
-218.132       7.28533e-06       2.41585
-217.432       7.36535e-06       2.41585
-216.732       7.65763e-06       2.41585
-216.032       8.19504e-06       2.41585
-215.332       8.43795e-06       2.41585
-214.632       8.03294e-06       2.41585
-213.932       7.88761e-06       2.41585
-213.232       8.35163e-06       2.41585
-212.532       9.51139e-06       2.41585
-211.832       1.12193e-05       2.41585
-211.132       1.27655e-05       2.41585
-210.432       1.41825e-05       2.41585
-209.732       1.75273e-05       2.41585
-209.032       1.90264e-05       2.41585
-208.332       1.49751e-05       2.41585
-207.632       1.11607e-05       2.41585
-206.932       9.16163e-06       2.41585
-206.232       8.23398e-06       2.41585
-205.532       7.83986e-06       2.41585
-204.832       7.46955e-06       2.41585
-204.132       7.0616e-06       2.41585
-203.432       6.80575e-06       2.41585
-202.732       6.67182e-06       2.41585
-202.032       6.59883e-06       2.41585
-201.332       6.5348e-06       2.41585
-200.632       6.49029e-06       2.41585
-199.932       6.47064e-06       2.41585
-199.232       6.46814e-06       2.41585
-198.532       6.4774e-06       2.41585
-197.832       6.49548e-06       2.41585
-197.132       6.52078e-06       2.41585
-196.432       6.55246e-06       2.41585
-195.732       6.59017e-06       2.41585
-195.032       6.63404e-06       2.41585
-194.332       6.68458e-06       2.41585
-193.632       6.7429e-06       2.41585
-192.932       6.81085e-06       2.41585
-192.232       6.89154e-06       2.41585
-191.532       6.99028e-06       2.41585
-190.832       7.11667e-06       2.41585
-190.132       7.28936e-06       2.41585
-189.432       7.54625e-06       2.41585
-188.732       7.94814e-06       2.41585
-188.032       8.4308e-06       2.41585
-187.332       8.71348e-06       2.41585
-186.632       9.15961e-06       2.41585
-185.932       1.02606e-05       2.41585
-185.232       1.25407e-05       2.41585
-184.532       1.58491e-05       2.41585
-183.832       1.5932e-05       2.41585
-183.132       1.28709e-05       2.41585
-182.432       1.08818e-05       2.41585
-181.732       1.00852e-05       2.41585
-181.032       9.91748e-06       2.41585
-180.332       1.00858e-05       2.41585
-179.632       1.06749e-05       2.41585
-178.932       1.16502e-05       2.41585
-178.232       1.35094e-05       2.41585
-177.532       1.57649e-05       2.41585
-176.832       1.62645e-05       2.41585
-176.132       1.66945e-05       2.41585
-175.432       1.73863e-05       2.41585
-174.732       1.67338e-05       2.41585
-174.032       1.40577e-05       2.41585
-173.332       1.22285e-05       2.41585
-172.632       1.11223e-05       2.41585
-171.932       1.02864e-05       2.41585
-171.232       9.91735e-06       2.41585
-170.532       9.7983e-06       2.41585
-169.832       9.72536e-06       2.41585
-169.132       9.96197e-06       2.41585
-168.432       1.07236e-05       2.41585
-167.732       1.16879e-05       2.41585
-167.032       1.13061e-05       2.41585
-166.332       1.03286e-05       2.41585
-165.632       9.78892e-06       2.41585
-164.932       9.62176e-06       2.41585
-164.232       9.67652e-06       2.41585
-163.532       9.70523e-06       2.41585
-162.832       9.68899e-06       2.41585
-162.132       9.75135e-06       2.41585
-161.432       9.99329e-06       2.41585
-160.732       1.05024e-05       2.41585
-160.032       1.12249e-05       2.41585
-159.332       1.2116e-05       2.41585
-158.632       1.3865e-05       2.41585
-157.932       1.59892e-05       2.41585
-157.232       1.59239e-05       2.41585
-156.532       1.53028e-05       2.41585
-155.832       1.42986e-05       2.41585
-155.132       1.27297e-05       2.41585
-154.432       1.16837e-05       2.41585
-153.732       1.11981e-05       2.41585
-153.032       1.10937e-05       2.41585
-152.332       1.12683e-05       2.41585
-151.632       1.17527e-05       2.41585
-150.932       1.27259e-05       2.41585
-150.232       1.46436e-05       2.41585
-149.532       1.83796e-05       2.41585
-148.832       2.32169e-05       2.41585
-148.132       2.22087e-05       2.41585
-147.432       1.72978e-05       2.41585
-146.732       1.41951e-05       2.41585
-146.032       1.2655e-05       2.41585
-145.332       1.18879e-05       2.41585
-144.632       1.15066e-05       2.41585
-143.932       1.12824e-05       2.41585
-143.232       1.1114e-05       2.41585
-142.532       1.10271e-05       2.41585
-141.832       1.10087e-05       2.41585
-141.132       1.10434e-05       2.41585
-140.432       1.1132e-05       2.41585
-139.732       1.12966e-05       2.41585
-139.032       1.15986e-05       2.41585
-138.332       1.21417e-05       2.41585
-137.632       1.27274e-05       2.41585
-136.932       1.25148e-05       2.41585
-136.232       1.20096e-05       2.41585
-135.532       1.17477e-05       2.41585
-134.832       1.16562e-05       2.41585
-134.132       1.16484e-05       2.41585
-133.432       1.16835e-05       2.41585
-132.732       1.17434e-05       2.41585
-132.032       1.18194e-05       2.41585
-131.332       1.19074e-05       2.41585
-130.632       1.20052e-05       2.41585
-129.932       1.21124e-05       2.41585
-129.232       1.22292e-05       2.41585
-128.532       1.23566e-05       2.41585
-127.832       1.24969e-05       2.41585
-127.132       1.2654e-05       2.41585
-126.432       1.28353e-05       2.41585
-125.732       1.30547e-05       2.41585
-125.032       1.3338e-05       2.41585
-124.332       1.3692e-05       2.41585
-123.632       1.39823e-05       2.41585
-122.932       1.42283e-05       2.41585
-122.232       1.46267e-05       2.41585
-121.532       1.52667e-05       2.41585
-120.832       1.62882e-05       2.41585
-120.132       1.78623e-05       2.41585
-119.432       1.98362e-05       2.41585
-118.732       2.26748e-05       2.41585
-118.032       2.81022e-05       2.41585
-117.332       3.79532e-05       2.41585
-116.632       4.4042e-05       2.41585
-115.932       3.58955e-05       2.41585
-115.232       2.72074e-05       2.41585
-114.532       2.23063e-05       2.41585
-113.832       2.00658e-05       2.41585
-113.132       1.93665e-05       2.41585
-112.432       1.88584e-05       2.41585
-111.732       1.78072e-05       2.41585
-111.032       1.71124e-05       2.41585
-110.332       1.68721e-05       2.41585
-109.632       1.66783e-05       2.41585
-108.932       1.64285e-05       2.41585
-108.232       1.6334e-05       2.41585
-107.532       1.63138e-05       2.41585
-106.832       1.62605e-05       2.41585
-106.132       1.62495e-05       2.41585
-105.432       1.62914e-05       2.41585
-104.732       1.63662e-05       2.41585
-104.032       1.64615e-05       2.41585
-103.332       1.65711e-05       2.41585
-102.632       1.66914e-05       2.41585
-101.932       1.68205e-05       2.41585
-101.232       1.69568e-05       2.41585
-100.532       1.70997e-05       2.41585
-99.832       1.72484e-05       2.41585
-99.132       1.74025e-05       2.41585
-98.432       1.75618e-05       2.41585
-97.732       1.77261e-05       2.41585
-97.032       1.78953e-05       2.41585
-96.332       1.80696e-05       2.41585
-95.632       1.82489e-05       2.41585
-94.932       1.84334e-05       2.41585
-94.232       1.86235e-05       2.41585
-93.532       1.88195e-05       2.41585
-92.832       1.90219e-05       2.41585
-92.132       1.92315e-05       2.41585
-91.432       1.94492e-05       2.41585
-90.732       1.96762e-05       2.41585
-90.032       1.99144e-05       2.41585
-89.332       2.01663e-05       2.41585
-88.632       2.04355e-05       2.41585
-87.932       2.07273e-05       2.41585
-87.232       2.10498e-05       2.41585
-86.532       2.1416e-05       2.41585
-85.832       2.18475e-05       2.41585
-85.132       2.23821e-05       2.41585
-84.432       2.30909e-05       2.41585
-83.732       2.41166e-05       2.41585
-83.032       2.57684e-05       2.41585
-82.332       2.87325e-05       2.41585
-81.632       3.41235e-05       2.41585
-80.932       3.98881e-05       2.41585
-80.232       3.72935e-05       2.41585
-79.532       3.16494e-05       2.41585
-78.832       2.85642e-05       2.41585
-78.712       2.82531e-05       2.41585
-78.592       2.79902e-05       2.41585
-78.472       2.77705e-05       2.41585
-78.352       2.75902e-05       2.41585
-78.232       2.74461e-05       2.41585
-78.112       2.73354e-05       2.41585
-77.992       2.72561e-05       2.41585
-77.872       2.72067e-05       2.41585
-77.752       2.71863e-05       2.41585
-77.632       2.71941e-05       2.41585
-77.512       2.72298e-05       2.41585
-77.392       2.72933e-05       2.41585
-77.272       2.73842e-05       2.41585
-77.152       2.75019e-05       2.41585
-77.032       2.76451e-05       2.41585
-76.912       2.78108e-05       2.41585
-76.792       2.79943e-05       2.41585
-76.672       2.81878e-05       2.41585
-76.552       2.83804e-05       2.41585
-76.432       2.85583e-05       2.41585
-76.312       2.87057e-05       2.41585
-76.192       2.8807e-05       2.41585
-76.072       2.88502e-05       2.41585
-75.952       2.88298e-05       2.41585
-75.832       2.87478e-05       2.41585
-75.712       2.86136e-05       2.41585
-75.592       2.84409e-05       2.41585
-75.472       2.82451e-05       2.41585
-75.352       2.80404e-05       2.41585
-75.232       2.7838e-05       2.41585
-75.112       2.7646e-05       2.41585
-74.992       2.74694e-05       2.41585
-74.872       2.73106e-05       2.41585
-74.752       2.71704e-05       2.41585
-74.632       2.70486e-05       2.41585
-74.512       2.6944e-05       2.41585
-74.392       2.68553e-05       2.41585
-74.272       2.67811e-05       2.41585
-74.152       2.67198e-05       2.41585
-74.032       2.667e-05       2.41585
-73.912       2.66304e-05       2.41585
-73.792       2.65999e-05       2.41585
-73.672       2.65774e-05       2.41585
-73.552       2.65621e-05       2.41585
-73.432       2.6553e-05       2.41585
-73.312       2.65495e-05       2.41585
-73.192       2.65511e-05       2.41585
-73.072       2.65571e-05       2.41585
-72.952       2.65671e-05       2.41585
-72.832       2.65807e-05       2.41585
-72.712       2.65975e-05       2.41585
-72.592       2.66173e-05       2.41585
-72.472       2.66397e-05       2.41585
-72.352       2.66646e-05       2.41585
-72.232       2.66916e-05       2.41585
-72.112       2.67207e-05       2.41585
-71.992       2.67517e-05       2.41585
-71.872       2.67843e-05       2.41585
-71.752       2.68186e-05       2.41585
-71.632       2.68543e-05       2.41585
-71.512       2.68914e-05       2.41585
-71.392       2.69297e-05       2.41585
-71.272       2.69693e-05       2.41585
-71.152       2.70099e-05       2.41585
-71.032       2.70516e-05       2.41585
-70.912       2.70943e-05       2.41585
-70.792       2.71379e-05       2.41585
-70.672       2.71824e-05       2.41585
-70.552       2.72277e-05       2.41585
-70.432       2.72738e-05       2.41585
-70.312       2.73207e-05       2.41585
-70.192       2.73683e-05       2.41585
-70.072       2.74165e-05       2.41585
-69.952       2.74654e-05       2.41585
-69.832       2.7515e-05       2.41585
-69.712       2.75651e-05       2.41585
-69.592       2.76159e-05       2.41585
-69.472       2.76672e-05       2.41585
-69.352       2.7719e-05       2.41585
-69.232       2.77714e-05       2.41585
-69.112       2.78243e-05       2.41585
-68.992       2.78777e-05       2.41585
-68.872       2.79316e-05       2.41585
-68.752       2.79859e-05       2.41585
-68.632       2.80407e-05       2.41585
-68.512       2.80959e-05       2.41585
-68.392       2.81516e-05       2.41585
-68.272       2.82077e-05       2.41585
-68.152       2.82642e-05       2.41585
-68.032       2.83212e-05       2.41585
-67.912       2.83785e-05       2.41585
-67.792       2.84363e-05       2.41585
-67.672       2.84944e-05       2.41585
-67.552       2.85529e-05       2.41585
-67.432       2.86118e-05       2.41585
-67.312       2.86711e-05       2.41585
-67.192       2.87307e-05       2.41585
-67.072       2.87907e-05       2.41585
-66.952       2.88511e-05       2.41585
-66.832       2.89118e-05       2.41585
-66.712       2.89728e-05       2.41585
-66.592       2.90343e-05       2.41585
-66.472       2.9096e-05       2.41585
-66.352       2.91582e-05       2.41585
-66.232       2.92206e-05       2.41585
-66.112       2.92834e-05       2.41585
-65.992       2.93466e-05       2.41585
-65.872       2.941e-05       2.41585
-65.752       2.94738e-05       2.41585
-65.632       2.9538e-05       2.41585
-65.512       2.96025e-05       2.41585
-65.392       2.96673e-05       2.41585
-65.272       2.97324e-05       2.41585
-65.152       2.97979e-05       2.41585
-65.032       2.98636e-05       2.41585
-64.912       2.99298e-05       2.41585
-64.792       2.99962e-05       2.41585
-64.672       3.0063e-05       2.41585
-64.552       3.01301e-05       2.41585
-64.432       3.01975e-05       2.41585
-64.312       3.02653e-05       2.41585
-64.192       3.03333e-05       2.41585
-64.072       3.04017e-05       2.41585
-63.952       3.04705e-05       2.41585
-63.832       3.05395e-05       2.41585
-63.712       3.06089e-05       2.41585
-63.592       3.06786e-05       2.41585
-63.472       3.07486e-05       2.41585
-63.352       3.0819e-05       2.41585
-63.232       3.08897e-05       2.41585
-63.112       3.09607e-05       2.41585
-62.992       3.10321e-05       2.41585
-62.872       3.11038e-05       2.41585
-62.752       3.11758e-05       2.41585
-62.632       3.12481e-05       2.41585
-62.512       3.13208e-05       2.41585
-62.392       3.13938e-05       2.41585
-62.272       3.14672e-05       2.41585
-62.152       3.15409e-05       2.41585
-62.032       3.16149e-05       2.41585
-61.912       3.16892e-05       2.41585
-61.792       3.1764e-05       2.41585
-61.672       3.1839e-05       2.41585
-61.552       3.19144e-05       2.41585
-61.432       3.19901e-05       2.41585
-61.312       3.20662e-05       2.41585
-61.192       3.21426e-05       2.41585
-61.072       3.22194e-05       2.41585
-60.952       3.22966e-05       2.41585
-60.832       3.2374e-05       2.41585
-60.712       3.24519e-05       2.41585
-60.592       3.25301e-05       2.41585
-60.472       3.26086e-05       2.41585
-60.352       3.26876e-05       2.41585
-60.232       3.27668e-05       2.41585
-60.112       3.28465e-05       2.41585
-59.992       3.29265e-05       2.41585
-59.872       3.30069e-05       2.41585
-59.752       3.30876e-05       2.41585
-59.632       3.31687e-05       2.41585
-59.512       3.32502e-05       2.41585
-59.392       3.33321e-05       2.41585
-59.272       3.34144e-05       2.41585
-59.152       3.3497e-05       2.41585
-59.032       3.358e-05       2.41585
-58.912       3.36634e-05       2.41585
-58.792       3.37472e-05       2.41585
-58.672       3.38314e-05       2.41585
-58.552       3.3916e-05       2.41585
-58.432       3.4001e-05       2.41585
-58.312       3.40864e-05       2.41585
-58.192       3.41721e-05       2.41585
-58.072       3.42583e-05       2.41585
-57.952       3.43449e-05       2.41585
-57.832       3.44319e-05       2.41585
-57.712       3.45194e-05       2.41585
-57.592       3.46072e-05       2.41585
-57.472       3.46954e-05       2.41585
-57.352       3.47841e-05       2.41585
-57.232       3.48732e-05       2.41585
-57.112       3.49628e-05       2.41585
-56.992       3.50527e-05       2.41585
-56.872       3.51431e-05       2.41585
-56.752       3.5234e-05       2.41585
-56.632       3.53252e-05       2.41585
-56.512       3.5417e-05       2.41585
-56.392       3.55091e-05       2.41585
-56.272       3.56018e-05       2.41585
-56.152       3.56948e-05       2.41585
-56.032       3.57884e-05       2.41585
-55.912       3.58824e-05       2.41585
-55.792       3.59769e-05       2.41585
-55.672       3.60718e-05       2.41585
-55.552       3.61672e-05       2.41585
-55.432       3.62631e-05       2.41585
-55.312       3.63595e-05       2.41585
-55.192       3.64564e-05       2.41585
-55.072       3.65537e-05       2.41585
-54.952       3.66516e-05       2.41585
-54.832       3.67499e-05       2.41585
-54.712       3.68488e-05       2.41585
-54.592       3.69482e-05       2.41585
-54.472       3.7048e-05       2.41585
-54.352       3.71484e-05       2.41585
-54.232       3.72493e-05       2.41585
-54.112       3.73508e-05       2.41585
-53.992       3.74528e-05       2.41585
-53.872       3.75553e-05       2.41585
-53.752       3.76583e-05       2.41585
-53.632       3.77619e-05       2.41585
-53.512       3.78661e-05       2.41585
-53.392       3.79708e-05       2.41585
-53.272       3.80761e-05       2.41585
-53.152       3.81819e-05       2.41585
-53.032       3.82883e-05       2.41585
-52.912       3.83953e-05       2.41585
-52.792       3.85029e-05       2.41585
-52.672       3.86111e-05       2.41585
-52.552       3.87198e-05       2.41585
-52.432       3.88292e-05       2.41585
-52.312       3.89392e-05       2.41585
-52.192       3.90497e-05       2.41585
-52.072       3.9161e-05       2.41585
-52.072       0       0


-49.7967       0       0
-49.7967       4.13964e-05       2.41585
-49.6767       4.15215e-05       2.41585
-49.5567       4.16474e-05       2.41585
-49.4367       4.17741e-05       2.41585
-49.3167       4.19017e-05       2.41585
-49.1967       4.203e-05       2.41585
-49.0767       4.21592e-05       2.41585
-48.9567       4.22891e-05       2.41585
-48.8367       4.242e-05       2.41585
-48.7167       4.25517e-05       2.41585
-48.5967       4.26843e-05       2.41585
-48.4767       4.28177e-05       2.41585
-48.3567       4.29521e-05       2.41585
-48.2367       4.30873e-05       2.41585
-48.1167       4.32235e-05       2.41585
-47.9967       4.33605e-05       2.41585
-47.8767       4.34986e-05       2.41585
-47.7567       4.36376e-05       2.41585
-47.6367       4.37775e-05       2.41585
-47.5167       4.39185e-05       2.41585
-47.3967       4.40604e-05       2.41585
-47.2767       4.42033e-05       2.41585
-47.1567       4.43473e-05       2.41585
-47.0367       4.44923e-05       2.41585
-46.9167       4.46384e-05       2.41585
-46.7967       4.47855e-05       2.41585
-46.6767       4.49337e-05       2.41585
-46.5567       4.50831e-05       2.41585
-46.4367       4.52335e-05       2.41585
-46.3167       4.53851e-05       2.41585
-46.1967       4.55378e-05       2.41585
-46.0767       4.56917e-05       2.41585
-45.9567       4.58469e-05       2.41585
-45.8367       4.60032e-05       2.41585
-45.7167       4.61607e-05       2.41585
-45.5967       4.63195e-05       2.41585
-45.4767       4.64796e-05       2.41585
-45.3567       4.6641e-05       2.41585
-45.2367       4.68037e-05       2.41585
-45.1167       4.69677e-05       2.41585
-44.9967       4.71331e-05       2.41585
-44.8767       4.72998e-05       2.41585
-44.7567       4.7468e-05       2.41585
-44.6367       4.76376e-05       2.41585
-44.5167       4.78087e-05       2.41585
-44.3967       4.79813e-05       2.41585
-44.2767       4.81553e-05       2.41585
-44.1567       4.83309e-05       2.41585
-44.0367       4.85081e-05       2.41585
-43.9167       4.86869e-05       2.41585
-43.7967       4.88673e-05       2.41585
-43.6767       4.90494e-05       2.41585
-43.5567       4.92332e-05       2.41585
-43.4367       4.94187e-05       2.41585
-43.3167       4.96059e-05       2.41585
-43.1967       4.9795e-05       2.41585
-43.0767       4.99859e-05       2.41585
-42.9567       5.01786e-05       2.41585
-42.8367       5.03733e-05       2.41585
-42.7167       5.05699e-05       2.41585
-42.5967       5.07685e-05       2.41585
-42.4767       5.09692e-05       2.41585
-42.3567       5.11719e-05       2.41585
-42.2367       5.13767e-05       2.41585
-42.1167       5.15838e-05       2.41585
-41.9967       5.1793e-05       2.41585
-41.8767       5.20045e-05       2.41585
-41.7567       5.22183e-05       2.41585
-41.6367       5.24345e-05       2.41585
-41.5167       5.26531e-05       2.41585
-41.3967       5.28742e-05       2.41585
-41.2767       5.30978e-05       2.41585
-41.1567       5.33241e-05       2.41585
-41.0367       5.3553e-05       2.41585
-40.9167       5.37846e-05       2.41585
-40.7967       5.40191e-05       2.41585
-40.6767       5.42564e-05       2.41585
-40.5567       5.44967e-05       2.41585
-40.4367       5.47399e-05       2.41585
-40.3167       5.49863e-05       2.41585
-40.1967       5.52359e-05       2.41585
-40.0767       5.54887e-05       2.41585
-39.9567       5.57449e-05       2.41585
-39.8367       5.60045e-05       2.41585
-39.7167       5.62677e-05       2.41585
-39.5967       5.65345e-05       2.41585
-39.4767       5.6805e-05       2.41585
-39.3567       5.70794e-05       2.41585
-39.2367       5.73578e-05       2.41585
-39.1167       5.76402e-05       2.41585
-38.9967       5.79268e-05       2.41585
-38.8767       5.82178e-05       2.41585
-38.7567       5.85131e-05       2.41585
-38.6367       5.88131e-05       2.41585
-38.5167       5.91178e-05       2.41585
-38.3967       5.94274e-05       2.41585
-38.2767       5.97419e-05       2.41585
-38.1567       6.00617e-05       2.41585
-38.0367       6.03869e-05       2.41585
-37.9167       6.07176e-05       2.41585
-37.7967       6.1054e-05       2.41585
-37.6767       6.13963e-05       2.41585
-37.5567       6.17447e-05       2.41585
-37.4367       6.20994e-05       2.41585
-37.3167       6.24607e-05       2.41585
-37.1967       6.28288e-05       2.41585
-37.0767       6.32039e-05       2.41585
-36.9567       6.35862e-05       2.41585
-36.8367       6.39761e-05       2.41585
-36.7167       6.43738e-05       2.41585
-36.5967       6.47797e-05       2.41585
-36.4767       6.51939e-05       2.41585
-36.3567       6.56169e-05       2.41585
-36.2367       6.6049e-05       2.41585
-36.1167       6.64905e-05       2.41585
-35.9967       6.69419e-05       2.41585
-35.8767       6.74035e-05       2.41585
-35.7567       6.78758e-05       2.41585
-35.6367       6.83592e-05       2.41585
-35.5167       6.88541e-05       2.41585
-35.3967       6.93611e-05       2.41585
-35.2767       6.98806e-05       2.41585
-35.1567       7.04134e-05       2.41585
-35.0367       7.09598e-05       2.41585
-34.9167       7.15206e-05       2.41585
-34.7967       7.20964e-05       2.41585
-34.6767       7.26879e-05       2.41585
-34.5567       7.32959e-05       2.41585
-34.4367       7.39211e-05       2.41585
-34.3167       7.45644e-05       2.41585
-34.1967       7.52266e-05       2.41585
-34.0767       7.59088e-05       2.41585
-33.9567       7.66119e-05       2.41585
-33.8367       7.73369e-05       2.41585
-33.7167       7.80852e-05       2.41585
-33.5967       7.88577e-05       2.41585
-33.4767       7.9656e-05       2.41585
-33.3567       8.04813e-05       2.41585
-33.2367       8.13353e-05       2.41585
-33.1167       8.22194e-05       2.41585
-32.9967       8.31354e-05       2.41585
-32.8767       8.40852e-05       2.41585
-32.7567       8.50707e-05       2.41585
-32.6367       8.60942e-05       2.41585
-32.5167       8.71578e-05       2.41585
-32.3967       8.82642e-05       2.41585
-32.2767       8.94159e-05       2.41585
-32.1567       9.06158e-05       2.41585
-32.0367       9.18672e-05       2.41585
-31.9167       9.31734e-05       2.41585
-31.7967       9.45381e-05       2.41585
-31.6767       9.59653e-05       2.41585
-31.5567       9.74594e-05       2.41585
-31.4367       9.9025e-05       2.41585
-31.3167       0.000100667       2.41585
-31.1967       0.000102392       2.41585
-31.0767       0.000104205       2.41585
-30.9567       0.000106114       2.41585
-30.8367       0.000108125       2.41585
-30.7167       0.000110248       2.41585
-30.5967       0.000112489       2.41585
-30.4767       0.000114861       2.41585
-30.3567       0.000117373       2.41585
-30.2367       0.000120037       2.41585
-30.1167       0.000122868       2.41585
-29.9967       0.000125879       2.41585
-29.8767       0.000129087       2.41585
-29.7567       0.00013251       2.41585
-29.6367       0.000136169       2.41585
-29.5167       0.000140087       2.41585
-29.3967       0.000144289       2.41585
-29.2767       0.000148805       2.41585
-29.1567       0.000153665       2.41585
-29.0367       0.000158908       2.41585
-28.9167       0.000164575       2.41585
-28.7967       0.000170711       2.41585
-28.6767       0.000177371       2.41585
-28.5567       0.000184615       2.41585
-28.4367       0.000192513       2.41585
-28.3167       0.000201142       2.41585
-28.1967       0.000210595       2.41585
-28.0767       0.000220974       2.41585
-27.9567       0.0002324       2.41585
-27.8367       0.000245009       2.41585
-27.7167       0.000258961       2.41585
-27.5967       0.000274438       2.41585
-27.4767       0.000291649       2.41585
-27.3567       0.000310837       2.41585
-27.2367       0.000332278       2.41585
-27.1167       0.000356288       2.41585
-26.9967       0.000383222       2.41585
-26.8767       0.000413478       2.41585
-26.7567       0.00044749       2.41585
-26.6367       0.000485715       2.41585
-26.5167       0.000528616       2.41585
-26.3967       0.000576616       2.41585
-26.2767       0.000630035       2.41585
-26.1567       0.000688987       2.41585
-26.0367       0.000753235       2.41585
-25.9167       0.000821998       2.41585
-25.7967       0.000893729       2.41585
-25.6767       0.000965903       2.41585
-25.5567       0.00103491       2.41585
-25.4367       0.00109618       2.41585
-25.3167       0.00114465       2.41585
-25.1967       0.00117559       2.41585
-25.0767       0.00118564       2.41585
-24.9567       0.00117367       2.41585
-24.8367       0.0011411       2.41585
-24.7167       0.00109149       2.41585
-24.5967       0.00102965       2.41585
-24.4767       0.000960641       2.41585
-24.3567       0.000888928       2.41585
-24.2367       0.000818001       2.41585
-24.1167       0.000750265       2.41585
-23.9967       0.000687168       2.41585
-23.8767       0.000629417       2.41585
-23.7567       0.000577202       2.41585
-23.6367       0.000530377       2.41585
-23.5167       0.000488608       2.41585
-23.3967       0.000451464       2.41585
-23.2767       0.000418481       2.41585
-23.1567       0.000389203       2.41585
-23.0367       0.000363199       2.41585
-22.9167       0.000340079       2.41585
-22.7967       0.00031949       2.41585
-22.6767       0.000301122       2.41585
-22.5567       0.000284702       2.41585
-22.4367       0.000269993       2.41585
-22.3167       0.000256787       2.41585
-21.6167       0.000201724       2.41585
-20.9167       0.000170029       2.41585
-20.2167       0.000150822       2.41585
-19.5167       0.000138816       2.41585
-18.8167       0.000131249       2.41585
-18.1167       0.000126587       2.41585
-17.4167       0.000123936       2.41585
-16.7167       0.000122754       2.41585
-16.0167       0.00012271       2.41585
-15.3167       0.000123606       2.41585
-14.6167       0.000125341       2.41585
-13.9167       0.00012789       2.41585
-13.2167       0.00013131       2.41585
-12.5167       0.000135767       2.41585
-11.8167       0.0001416       2.41585
-11.1167       0.000149478       2.41585
-10.4167       0.000160758       2.41585
-9.71675       0.000178365       2.41585
-9.01675       0.00020855       2.41585
-8.31675       0.000259064       2.41585
-7.61675       0.000303834       2.41585
-6.91675       0.000304917       2.41585
-6.21675       0.000320978       2.41585
-5.51675       0.000326363       2.41585
-4.81675       0.000287922       2.41585
-4.11675       0.000266987       2.41585
-3.41675       0.00027545       2.41585
-2.71675       0.000303566       2.41585
-2.01675       0.00031411       2.41585
-1.31675       0.000287974       2.41585
-0.616747       0.000270539       2.41585
0.0832526       0.000267991       2.41585
0.783253       0.000274218       2.41585
1.48325       0.000285787       2.41585
2.18325       0.000301565       2.41585
2.88325       0.000321506       2.41585
3.58325       0.000345997       2.41585
4.28325       0.000375884       2.41585
4.98325       0.000412556       2.41585
5.68325       0.000458124       2.41585
6.38325       0.000515783       2.41585
7.08325       0.000590474       2.41585
7.78325       0.000690106       2.41585
8.48325       0.000827923       2.41585
9.18325       0.00102738       2.41585
9.88325       0.00133284       2.41585
10.5833       0.00183472       2.41585
11.2833       0.00272998       2.41585
11.9833       0.00443499       2.41585
12.6833       0.00733102       2.41585
13.3833       0.0091239       2.41585
14.0833       0.00781097       2.41585
14.7833       0.00742956       2.41585
15.4833       0.00731558       2.41585
16.1833       0.00514013       2.41585
16.8833       0.00322438       2.41585
17.5833       0.00219611       2.41585
18.2833       0.00165909       2.41585
18.9833       0.00136678       2.41585
19.6833       0.00120685       2.41585
20.3833       0.00112807       2.41585
21.0833       0.00110757       2.41585
21.7833       0.00113824       2.41585
22.4833       0.00122571       2.41585
23.1833       0.00139212       2.41585
23.8833       0.0016873       2.41585
24.5833       0.00217462       2.41585
25.2833       0.00289013       2.41585
25.9833       0.00412619       2.41585
26.6833       0.00554865       2.41585
27.3833       0.00572122       2.41585
28.0833       0.0058941       2.41585
28.7833       0.00580244       2.41585
29.4833       0.00485025       2.41585
30.1833       0.00394884       2.41585
30.8833       0.00353982       2.41585
31.5833       0.0037392       2.41585
32.2833       0.00450004       2.41585
32.9833       0.00591024       2.41585
33.6833       0.00812893       2.41585
34.3833       0.0107029       2.41585
35.0833       0.0112163       2.41585
35.7833       0.011109       2.41585
36.4833       0.0107951       2.41585
37.1833       0.0090451       2.41585
37.8833       0.00856795       2.41585
38.5833       0.00907665       2.41585
39.2833       0.0097348       2.41585
39.9833       0.0123257       2.41585
40.6833       0.0186371       2.41585
41.3833       0.0275475       2.41585
42.0833       0.0267745       2.41585
42.7833       0.0190245       2.41585
43.4833       0.0153875       2.41585
44.1833       0.0165359       2.41585
44.8833       0.0211743       2.41585
45.5833       0.0218776       2.41585
46.2833       0.0172005       2.41585
46.9833       0.0149544       2.41585
47.6833       0.0162736       2.41585
48.3833       0.0216581       2.41585
49.0833       0.0337026       2.41585
49.7833       0.0538798       2.41585
50.4833       0.0615701       2.41585
51.1833       0.0467934       2.41585
51.8833       0.0390719       2.41585
52.5833       0.0449692       2.41585
53.2833       0.0543986       2.41585
53.9833       0.0437209       2.41585
54.6833       0.0268857       2.41585
55.3833       0.0172737       2.41585
56.0833       0.0127256       2.41585
56.7833       0.0110708       2.41585
57.4833       0.0113685       2.41585
58.1833       0.0122154       2.41585
58.8833       0.0105084       2.41585
59.5833       0.00817513       2.41585
60.2833       0.00725554       2.41585
60.9833       0.00761172       2.41585
61.6833       0.00872132       2.41585
62.3833       0.00885869       2.41585
63.0833       0.0070105       2.41585
63.7833       0.0056734       2.41585
64.4833       0.00538253       2.41585
65.1833       0.00528377       2.41585
65.8833       0.00475424       2.41585
66.5833       0.00428918       2.41585
67.2833       0.00428296       2.41585
67.9833       0.00474254       2.41585
68.6833       0.00578744       2.41585
69.3833       0.00777168       2.41585
70.0833       0.0114575       2.41585
70.7833       0.0177529       2.41585
71.4833       0.022276       2.41585
72.1833       0.0206458       2.41585
72.8833       0.0205847       2.41585
73.5833       0.0246089       2.41585
74.2833       0.0241059       2.41585
74.9833       0.0191054       2.41585
75.6833       0.0188325       2.41585
76.3833       0.0222061       2.41585
77.0833       0.0193473       2.41585
77.7833       0.012166       2.41585
78.4833       0.00755123       2.41585
79.1833       0.00510777       2.41585
79.8833       0.00375093       2.41585
80.5833       0.00294384       2.41585
81.2833       0.00244403       2.41585
81.9833       0.00214073       2.41585
82.6833       0.00198721       2.41585
83.3833       0.00195993       2.41585
84.0833       0.00207215       2.41585
84.7833       0.00246491       2.41585
85.4833       0.00339208       2.41585
86.1833       0.00485081       2.41585
86.8833       0.00505582       2.41585
87.5833       0.00369395       2.41585
88.2833       0.0026406       2.41585
88.9833       0.00219908       2.41585
89.6833       0.00223851       2.41585
90.3833       0.00271368       2.41585
91.0833       0.00337393       2.41585
91.7833       0.00341701       2.41585
92.4833       0.00266618       2.41585
93.1833       0.00209262       2.41585
93.8833       0.00179278       2.41585
94.5833       0.001721       2.41585
95.2833       0.00195338       2.41585
95.9833       0.00199096       2.41585
96.6833       0.00155876       2.41585
97.3833       0.00128497       2.41585
98.0833       0.00121922       2.41585
98.7833       0.00110283       2.41585
99.4833       0.000954696       2.41585
100.183       0.000902297       2.41585
100.883       0.00085804       2.41585
101.583       0.000744129       2.41585
102.283       0.000675244       2.41585
102.983       0.000690595       2.41585
103.683       0.000741438       2.41585
104.383       0.00067039       2.41585
105.083       0.000598405       2.41585
105.783       0.000611461       2.41585
106.483       0.000662753       2.41585
107.183       0.000799618       2.41585
107.883       0.000977328       2.41585
108.583       0.000833767       2.41585
109.283       0.000569959       2.41585
109.983       0.000412019       2.41585
110.683       0.000327987       2.41585
111.383       0.000280113       2.41585
112.083       0.000250606       2.41585
112.783       0.000231445       2.41585
113.483       0.000218866       2.41585
114.183       0.00021113       2.41585
114.883       0.000207664       2.41585
115.583       0.000208876       2.41585
116.283       0.000216513       2.41585
116.983       0.000234738       2.41585
117.683       0.000270364       2.41585
118.383       0.000320961       2.41585
119.083       0.000376962       2.41585
119.783       0.000444341       2.41585
120.483       0.000508663       2.41585
121.183       0.000548224       2.41585
121.883       0.000507534       2.41585
122.583       0.000481565       2.41585
123.283       0.000488315       2.41585
123.983       0.000509633       2.41585
124.683       0.000526155       2.41585
125.383       0.000554906       2.41585
126.083       0.000677387       2.41585
126.783       0.000921363       2.41585
127.483       0.00122143       2.41585
128.183       0.00121349       2.41585
128.883       0.000941527       2.41585
129.583       0.00080603       2.41585
130.283       0.000909002       2.41585
130.983       0.0011881       2.41585
131.683       0.00115289       2.41585
132.383       0.000787237       2.41585
133.083       0.000515621       2.41585
133.783       0.000371734       2.41585
134.483       0.000303628       2.41585
135.183       0.000283546       2.41585
135.883       0.000307597       2.41585
136.583       0.000332836       2.41585
137.283       0.000283139       2.41585
137.983       0.000234716       2.41585
138.683       0.000224215       2.41585
139.383       0.00020709       2.41585
140.083       0.000163394       2.41585
140.783       0.00013113       2.41585
141.483       0.000112773       2.41585
142.183       0.000101238       2.41585
142.883       9.21775e-05       2.41585
143.583       8.53054e-05       2.41585
144.283       8.01852e-05       2.41585
144.983       7.62146e-05       2.41585
145.683       7.30418e-05       2.41585
146.383       7.04829e-05       2.41585
147.083       6.84552e-05       2.41585
147.783       6.69562e-05       2.41585
148.483       6.6082e-05       2.41585
149.183       6.60993e-05       2.41585
149.883       6.76057e-05       2.41585
150.583       7.15226e-05       2.41585
151.283       7.76544e-05       2.41585
151.983       8.51447e-05       2.41585
152.683       9.07746e-05       2.41585
153.383       9.11393e-05       2.41585
154.083       9.69143e-05       2.41585
154.783       9.84542e-05       2.41585
155.483       9.09578e-05       2.41585
156.183       8.62883e-05       2.41585
156.883       7.78826e-05       2.41585
157.583       6.62729e-05       2.41585
158.283       5.85099e-05       2.41585
158.983       5.43562e-05       2.41585
159.683       5.2389e-05       2.41585
160.383       5.20131e-05       2.41585
161.083       5.20874e-05       2.41585
161.783       5.26085e-05       2.41585
162.483       5.57044e-05       2.41585
163.183       6.36465e-05       2.41585
163.883       7.75567e-05       2.41585
164.583       8.52721e-05       2.41585
165.283       7.60323e-05       2.41585
165.983       6.39538e-05       2.41585
166.683       5.88334e-05       2.41585
167.383       5.96929e-05       2.41585
168.083       6.80949e-05       2.41585
168.783       8.25827e-05       2.41585
169.483       8.02292e-05       2.41585
170.183       6.22466e-05       2.41585
170.883       4.99047e-05       2.41585
171.583       4.33214e-05       2.41585
172.283       3.96111e-05       2.41585
172.983       3.72835e-05       2.41585
173.683       3.57136e-05       2.41585
174.383       3.46182e-05       2.41585
175.083       3.385e-05       2.41585
175.783       3.33463e-05       2.41585
176.483       3.31061e-05       2.41585
177.183       3.31961e-05       2.41585
177.883       3.37964e-05       2.41585
178.583       3.53208e-05       2.41585
179.283       3.85549e-05       2.41585
179.983       4.37605e-05       2.41585
180.683       4.82729e-05       2.41585
181.383       4.93328e-05       2.41585
182.083       4.49908e-05       2.41585
182.783       4.15694e-05       2.41585
183.483       4.15449e-05       2.41585
184.183       4.61003e-05       2.41585
184.883       5.22355e-05       2.41585
185.583       5.03252e-05       2.41585
186.283       4.53092e-05       2.41585
186.983       4.19792e-05       2.41585
187.683       4.23728e-05       2.41585
188.383       4.38382e-05       2.41585
189.083       4.23075e-05       2.41585
189.783       4.15725e-05       2.41585
190.483       4.42635e-05       2.41585
191.183       5.06734e-05       2.41585
191.883       5.52735e-05       2.41585
192.583       5.12545e-05       2.41585
193.283       5.02723e-05       2.41585
193.983       5.07946e-05       2.41585
194.683       4.32928e-05       2.41585
195.383       3.52429e-05       2.41585
196.083       2.97437e-05       2.41585
196.783       2.65179e-05       2.41585
197.483       2.458e-05       2.41585
198.183       2.3306e-05       2.41585
198.883       2.23951e-05       2.41585
199.583       2.16988e-05       2.41585
200.283       2.11382e-05       2.41585
200.983       2.06684e-05       2.41585
201.683       2.02625e-05       2.41585
202.383       1.99032e-05       2.41585
203.083       1.95793e-05       2.41585
203.783       1.9283e-05       2.41585
204.483       1.9009e-05       2.41585
205.183       1.87533e-05       2.41585
205.883       1.85133e-05       2.41585
206.583       1.8287e-05       2.41585
207.283       1.80731e-05       2.41585
207.983       1.7871e-05       2.41585
208.683       1.76802e-05       2.41585
209.383       1.75014e-05       2.41585
210.083       1.73357e-05       2.41585
210.783       1.71855e-05       2.41585
211.483       1.70552e-05       2.41585
212.183       1.69525e-05       2.41585
212.883       1.68919e-05       2.41585
213.583       1.69011e-05       2.41585
214.283       1.70375e-05       2.41585
214.983       1.74278e-05       2.41585
215.683       1.83472e-05       2.41585
216.383       2.01168e-05       2.41585
217.083       2.13016e-05       2.41585
217.783       1.95742e-05       2.41585
218.483       1.76573e-05       2.41585
219.183       1.6623e-05       2.41585
219.883       1.61246e-05       2.41585
220.583       1.57408e-05       2.41585
221.283       1.52912e-05       2.41585
221.983       1.49353e-05       2.41585
222.683       1.46715e-05       2.41585
223.383       1.44592e-05       2.41585
224.083       1.42762e-05       2.41585
224.783       1.41111e-05       2.41585
225.483       1.39582e-05       2.41585
226.183       1.38139e-05       2.41585
226.883       1.36762e-05       2.41585
227.583       1.35436e-05       2.41585
228.283       1.34153e-05       2.41585
228.983       1.32907e-05       2.41585
229.683       1.31691e-05       2.41585
230.383       1.30504e-05       2.41585
231.083       1.29342e-05       2.41585
231.783       1.28202e-05       2.41585
232.483       1.27084e-05       2.41585
233.183       1.25986e-05       2.41585
233.883       1.24907e-05       2.41585
234.583       1.23845e-05       2.41585
235.283       1.228e-05       2.41585
235.983       1.21771e-05       2.41585
236.683       1.20757e-05       2.41585
237.383       1.19759e-05       2.41585
238.083       1.18774e-05       2.41585
238.783       1.17804e-05       2.41585
239.483       1.16847e-05       2.41585
240.183       1.15904e-05       2.41585
240.883       1.14973e-05       2.41585
241.583       1.14054e-05       2.41585
242.283       1.13148e-05       2.41585
242.983       1.12253e-05       2.41585
243.683       1.1137e-05       2.41585
244.383       1.10499e-05       2.41585
245.083       1.09638e-05       2.41585
245.783       1.08788e-05       2.41585
246.483       1.07949e-05       2.41585
247.183       1.07119e-05       2.41585
247.883       1.06301e-05       2.41585
248.583       1.05492e-05       2.41585
249.283       1.04693e-05       2.41585
249.983       1.03903e-05       2.41585
250.683       1.03123e-05       2.41585
251.383       1.02352e-05       2.41585
252.083       1.0159e-05       2.41585
252.783       1.00837e-05       2.41585
253.483       1.00093e-05       2.41585
254.183       9.93572e-06       2.41585
