#
#
#   poles of the spectral functions (both aprticle and hole)
#
#   k = 2.27768 fm^-1 (group = 7)     and E_F = -50.9208 MeV
#
#
#    E               A(k,E)

-254.201       2.3081e-17
-254.034       0.000777377
-253.048       1.13941e-17
-250.838       0.00076401
-247.958       3.31034e-18
-246.885       2.63189e-18
-246.546       1.56837e-17
-246.529       4.82766e-05
-246.442       2.42185e-18
-246.376       1.96137e-18
-245.964       3.59709e-19
-245.383       5.68304e-18
-243.71       8.21294e-19
-243.446       1.41704e-17
-243.114       0.00118478
-242.903       8.23679e-18
-242.316       1.53093e-17
-242.183       4.44151e-17
-241.133       4.43888e-18
-240.585       0.000601927
-240.146       2.04127e-17
-240.044       6.3649e-17
-239.852       6.6794e-15
-239.85       0.00196252
-239.63       3.13092e-17
-239.571       2.81371e-17
-239.195       2.07639e-17
-239.076       1.43273e-16
-239.059       0.000415404
-238.698       4.04817e-17
-238.666       9.85836e-18
-238.571       5.08627e-18
-238.409       9.08304e-18
-238.362       7.86052e-17
-238.241       4.8079e-17
-238.229       6.65166e-05
-238.195       1.01189e-17
-237.879       6.10169e-18
-237.556       1.08451e-16
-237.543       0.000247613
-237.509       9.53127e-17
-237.472       4.54696e-17
-236.671       1.57082e-17
-236.662       8.09312e-18
-235.181       3.35489e-17
-234.927       0.00209436
-233.815       0.000402988
-233.683       2.80308e-17
-233.607       3.31211e-17
-233.565       1.06071e-17
-232.358       2.64918e-15
-232.224       0.00298689
-231.894       1.30183e-16
-231.811       0.000992758
-230.764       8.7313e-18
-230.571       2.21745e-17
-228.582       9.30119e-18
-228.577       0.00103049
-210.851       4.79216e-18
-210.652       3.32565e-18
-209.673       3.1163e-17
-209.398       0.000941696
-209.359       1.09516e-15
-209.082       8.31109e-18
-209.038       6.4167e-18
-208.736       3.12901e-16
-208.556       8.45678e-17
-208.526       6.07153e-18
-208.484       6.15556e-17
-208.166       0.000908331
-208.136       1.33834e-15
-208.036       2.55872e-17
-207.901       1.2837e-16
-207.83       3.72966e-17
-207.733       4.2582e-17
-205.713       3.81639e-17
-205.351       5.11743e-17
-205.226       9.02056e-17
-205.073       0.0013299
-204.747       0.000362148
-204.547       1.07553e-16
-204.168       6.59195e-17
-203.938       0.00179493
-203.471       9.71445e-17
-203.157       9.33498e-17
-202.723       1.17961e-16
-202.655       0.00243876
-202.171       0.00136099
-201.887       0.00109615
-201.544       0.00156164
-201.236       2.85221e-05
-200.593       1.56125e-16
-200.495       0.000433053
-199.594       5.9848e-17
-199.205       9.71445e-17
-198.496       0.00544383
-198.289       0.00192236
-198.022       1.11022e-16
-197.7       0.00182086
-197.055       0.000477062
-196.046       0.00103087
-195.47       0.000442482
-195.187       0.00181683
-194.87       0.00227923
-194.82       0.00280619
-194.274       0.00148147
-194.103       0.00299399
-193.787       0.00136418
-192.919       3.46945e-17
-191.648       6.41848e-17
-191.411       0.00505336
-190.628       0.000541629
-190.499       3.81639e-17
-189.854       0.00157568
-189.491       0
-188.912       0.00140668
-188.19       0.000682871
-187.332       1.5786e-16
-187.038       0.00237481
-186.465       0.000708114
-186.347       0.0015713
-185.238       2.94903e-17
-184.744       2.77556e-17
-183.661       7.80626e-18
-183.157       5.20417e-17
-183.018       0.002349
-182.218       9.54098e-17
-181.468       0.00102251
-180.916       6.245e-17
-179.957       0.000421745
-179.672       0.000604799
-179.141       1.38778e-16
-178.671       0.000656934
-178.319       0.000786279
-177.526       4.85723e-17
-176.659       2.12504e-17
-175.506       4.85723e-17
-174.793       7.63278e-17
-174.395       1.00267e-15
-174.358       0.00192636
-173.245       2.42861e-17
-172.875       0.00518337
-172.556       2.44596e-16
-171.798       1.73472e-17
-171.239       2.94903e-17
-170.631       0.000368142
-169.928       0.000971805
-169.16       3.81639e-17
-168.698       6.93889e-18
-168.487       0.00333424
-167.479       0.0021516
-167.116       2.28983e-16
-166.009       0.000151028
-165.65       0.00335987
-165.594       2.36356e-16
-164.769       0.00162147
-164.271       7.63278e-17
-163.591       1.42247e-16
-163.544       0.0039956
-162.999       6.93889e-17
-162.7       4.16334e-17
-161.929       0.00580924
-161.215       0.00474222
-161.14       1.59595e-16
-160.544       2.498e-16
-160.462       0.00508591
-160.343       0.0014568
-160.133       0.00184609
-159.832       1.63064e-16
-159.767       4.14599e-16
-159.731       0.00165331
-152.941       6.25552e-18
-151.735       0.00356616
-147.721       2.482e-17
-146.01       0.00386724
-144.186       2.55872e-17
-144.105       1.23165e-16
-143.925       1.16226e-16
-143.76       0.00409172
-143.743       2.93428e-15
-143.05       5.55112e-17
-142.639       1.04083e-17
-142.32       1.70003e-16
-141.702       0.00547939
-141.685       1.419e-15
-141.402       0.00202524
-140.921       0.00155486
-140.587       0.000851236
-140.491       0.00124835
-139.64       2.42861e-16
-139.475       0.000971502
-139.047       1.84531e-16
-138.131       0.0093622
-137.523       3.85109e-16
-136.911       0.00479548
-136.718       0.00402293
-136.329       0.00503259
-136.105       0.000729764
-135.339       4.53727e-06
-135.236       0.00129516
-134.664       0.00175218
-134.614       0.00152146
-134.199       2.63678e-16
-133.772       0.00813658
-133.528       3.46945e-16
-132.483       0.00502211
-132.433       4.996e-16
-132.188       0.00135512
-131.461       0.00235263
-131.168       0.00351366
-131.108       2.84495e-16
-130.71       0.000525976
-130.687       3.26128e-16
-129.967       5.61457e-05
-129.683       1.80411e-16
-129.476       7.63278e-17
-129.183       1.21431e-17
-129.041       1.38778e-16
-128.561       2.80158e-16
-128.338       2.61943e-16
-128.174       0.0044025
-128.152       9.02056e-17
-127.589       6.39679e-17
-127.231       0.000968396
-126.842       0.00123752
-126.84       3.83265e-17
-126.689       3.10023e-16
-126.562       2.38196e-17
-125.891       2.05538e-17
-119.801       0.00795108
-108.09       2.57817e-17
-106.971       0.00046385
-106.584       3.93023e-18
-106.58       8.12474e-18
-106.518       3.04462e-17
-106.077       9.76009e-17
-105.73       3.29597e-17
-105.687       1.04083e-17
-105.605       1.59595e-16
-105.59       0.000837865
-105.449       5.55112e-17
-105.359       1.38778e-17
-105.273       0.00072938
-105.238       1.22081e-16
-105.033       1.14492e-16
-104.963       4.16334e-17
-104.801       1.38778e-17
-104.685       9.88792e-17
-104.502       2.94903e-17
-104.445       8.71699e-17
-104.355       1.38778e-17
-104.229       4.66207e-18
-104.101       2.05456e-17
-102.781       8.1532e-17
-102.681       7.54605e-17
-102.639       8.32667e-17
-102.427       1.21864e-16
-102.361       0.00129502
-102.283       2.53703e-17
-102.083       1.17961e-16
-101.988       5.20417e-18
-101.827       2.08167e-17
-101.785       0.00351197
-101.758       1.60462e-16
-101.586       2.01228e-16
-101.507       5.0307e-17
-101.407       1.2837e-16
-101.357       3.77302e-17
-101.093       3.0882e-15
-101.082       0.00521824
-101.003       5.35047e-16
-100.38       1.32731e-16
-100.332       2.24185e-16
-99.6591       0.00321717
-99.2013       2.46907e-17
-99.0706       5.1608e-17
-99.0638       7.01293e-17
-98.9795       2.76469e-17
-98.8645       3.02089e-16
-98.5235       1.73816e-16
-98.224       2.82224e-16
-98.2107       0.00262461
-97.8927       0.00912557
-97.4733       8.29039e-16
-97.3868       1.2533e-16
-97.2057       0.000713321
-97.1133       2.24442e-16
-97.0148       0.00489547
-95.8512       1.24083e-16
-95.8204       2.36778e-17
-95.6029       1.55221e-16
-95.4091       3.27096e-17
-95.1544       2.51263e-18
-94.3648       2.03593e-16
-94.2729       1.65764e-14
-94.2537       0.00215947
-92.8417       3.24465e-17
-92.4408       0.000835296
-91.9998       6.79708e-18
-82.6827       0.0220324


-8.83357       0.146408
-8.40323       4.3134e-15
-5.91211       3.3963e-16
-4.85338       0.11195
5.77295       3.47649e-16
5.99338       2.19279e-16
6.10637       8.83573e-16
6.26658       0.0442868
6.38092       0.0245785
6.5312       8.32257e-16
6.85268       1.11113e-16
6.92767       0.020006
7.17778       1.17077e-16
7.3458       3.99874e-17
7.36268       3.3135e-16
7.52054       6.71157e-18
7.71415       2.55013e-16
7.93811       7.2811e-16
8.21177       4.74747e-14
8.23096       0.0304463
8.39272       0.0402591
8.6741       1.04221e-15
9.00071       1.67282e-16
9.46045       1.96987e-18
9.62568       0.0486801
9.90281       1.88695e-18
10.1427       0.0277362
10.3058       5.62148e-18
10.8751       0.0424177
11.1666       0.0806092
11.4382       2.02949e-18
11.7526       0.0473397
11.974       0.0107677
12.3886       2.7866e-18
12.9149       0.0737743
13.122       2.33581e-14
13.803       5.91454e-16
14.2796       0.0153629
14.6746       0.0359821
15.1407       0.0367839
15.4171       0.0135525
15.6095       8.15348e-15
16.3087       2.19273e-16
16.6916       0.00738157
17.5113       9.1586e-17
17.9989       1.88952e-16
18.5995       0.010296
18.7387       0.0721408
19.3658       2.06345e-16
20.1482       2.71393e-17
21.1791       3.34546e-17
21.4422       1.06298e-17
22.8906       0.119665
23.8897       5.72336e-16
24.1258       7.99733e-16
25.3351       1.74395e-16
25.5583       7.687e-16
26.1461       0.50818
27.2352       1.27315e-17
29.1952       1.04098e-15
30.535       0.123808
30.801       9.4127e-16
31.5201       1.43274e-15
32.4523       0.11276
37.2653       0.491817
38.1509       1.22061e-11
38.8666       0.00778143
39.3035       0.143155
39.9959       0.116546
40.9744       0.0383512
41.2861       0.0441072
41.686       0.112867
42.1819       0.0444243
42.7389       0.0130201
43.135       0.0308708
43.3475       0.131118
43.5711       0.0777826
44.3934       0.0420044
44.8911       0.0421003
45.0885       0.0579142
45.739       0.0568691
46.3749       0.0400772
46.8425       0.0643255
47.4692       0.0946602
47.8295       0.078003
48.6998       0.094606
49.0432       0.0839527
49.5767       0.0369912
50.2826       0.0414645
51.0178       0.0366779
51.3758       0.0337608
51.985       0.00890896
52.9195       0.0469636
53.2172       0.0256411
54.8277       0.0221907
55.162       0.0315006
55.7884       0.0997636
56.0582       0.0037603
57.2522       0.299829
57.7084       2.10724e-05
57.7854       0.200496
60.9215       0.17476
62.8524       0.160923
66.1664       0.0729626
67.9637       0.0459943
68.4767       0.043116
68.8141       0.00463315
69.5249       0.00771486
70.146       0.0207612
70.5641       0.0282404
71.2977       0.0167036
71.9401       0.0415468
73.1355       0.0570536
73.5605       0.0399699
74.3626       0.036204
75.1151       0.0331118
75.9464       0.0564874
76.5564       0.022994
77.3209       0.028366
78.7676       0.0215952
79.1644       0.0174575
80.3237       0.0288679
80.9161       0.0408245
81.4711       0.0259412
82.4463       0.0167744
83.3719       0.00805137
84.5611       0.0287542
84.9066       0.0361209
85.5712       0.0238499
87.6668       0.012405
88.1401       0.0573829
88.3218       0.041013
89.0254       0.00160573
89.8391       0.066954
90.1992       0.0104005
92.6936       0.0287774
93.1577       0.0265768
93.5801       0.049808
96.5511       0.00674355
100.967       0.00390899
101.126       0.00974529
102.149       0.00779627
102.527       0.00882237
103.352       0.00646083
104.301       0.01828
105.024       0.0163151
105.798       0.019993
106.47       0.0223264
107.252       0.0315871
108.202       0.0217566
108.999       0.0228437
109.59       0.0234057
110.868       0.0284432
111.526       0.0237317
112.278       0.019822
113.274       0.0192333
113.779       0.0329071
114.532       0.0218826
115.606       0.0149256
116.321       0.0176765
116.765       0.00734572
117.596       0.0220728
117.978       0.0303078
118.625       0.00510128
119.567       0.00204275
121.259       0.00206371
122.529       0.0187202
124.744       0.00779649
126.677       0.0145717
133.91       0.0101941
134.305       0.00303732
134.689       0.00581184
134.834       0.00410764
135.642       0.00118789
136.151       0.00655937
136.682       0.00770165
137.491       0.0120969
137.957       0.00456186
138.691       0.00434916
139.673       0.0054885
140.361       0.00587467
140.939       0.00401299
142.024       0.00705024
142.858       0.0103299
143.302       0.00801488
144.337       0.0136029
144.911       0.00665866
145.397       0.0108861
146.295       0.0101593
147.055       0.0101065
147.649       0.0130894
148.085       0.010213
149.095       0.00448303
149.894       0.00518018
150.717       0.000549003
151.171       0.000197625
152.189       0.0056134
152.344       0.00409974
152.438       0.00844174
154.284       0.0132993
156.363       0.000307809
156.778       0.00142087
162.322       1.56306e-05
164.554       0.00173129
165.097       0.00348725
165.361       0.00315763
165.962       0.00622199
166.328       0.00959674
166.747       0.00679282
167.072       0.00884311
167.545       0.0038778
168.143       0.00379848
169.19       0.00494411
169.434       0.0103447
169.946       0.00260274
170.527       0.00531357
170.848       0.011035
171.815       0.00268346
172.09       0.00246537
172.862       0.00339848
173.201       0.00279949
173.782       0.00257886
174.066       0.0059776
174.704       0.00259448
174.912       0.00140689
174.963       0.00223433
176.101       0.00231903
177.532       0.00175785
177.959       0.00931832
178.362       0.00484566
179.465       0.001365
179.989       0.000532545
180.206       0.0042736
180.583       0.00245118
181.02       0.000800366
183.487       0.00506713
184.359       0.00667384
186.576       0.000344587
187.32       0.00335227
187.394       4.71885e-16
188.683       1.60713e-17
190.086       5.21217e-18
191.893       8.10929e-19
193.835       0.000626446
194.447       0.00467071
194.688       6.98595e-17
194.847       0.00516792
195.767       1.72296e-17
196.536       3.52512e-05
197.109       2.75625e-17
197.771       0.00159055
198.09       0.000199512
199.021       5.82383e-17
199.4       0.00573236
199.522       2.48388e-16
200.982       1.10572e-16
201.183       0.00173421
201.57       0.00207187
201.704       0.000609978
202.244       0.000300434
202.749       0.00123311
202.834       0.000156793
203.442       0.00297191
203.964       0.000642585
204.042       0.000719429
205.178       1.81549e-16
205.288       0.00610666
205.581       0.0023031
205.901       7.1538e-17
206.518       0.00529938
206.523       4.22686e-15
206.917       0.00198784
207.084       5.39299e-17
207.466       8.75851e-17
207.784       0.00021662
207.922       4.95076e-18
208.326       3.99113e-18
208.48       0.00102157
208.609       2.72895e-18
208.689       0.000458867
208.831       1.75427e-18
209.304       3.04889e-18
209.432       1.37374e-16
209.492       0.00289906
209.496       8.39927e-17
209.532       5.90412e-16
209.734       1.30764e-17
209.781       5.87077e-18
210.652       1.55713e-18
210.739       1.5937e-17
210.994       3.69453e-18
211.048       7.33806e-19
240.329       0.00273421
240.489       2.49505e-16
242.967       7.62601e-18
243.573       0.00112572
244.04       2.84653e-18
245.028       5.96888e-18
245.757       7.38448e-18
245.796       3.25301e-18
246.587       8.96798e-18
