#
#
#   Lonertzian-smoothed spectral function (both aprticle and hole)
#
#   k = 2.27768 fm^-1      and E_F = -50.9208 MeV
#
#
#    E               A(k,E)           k 

-301.432       3.32902e-06       2.27768
-300.732       3.34299e-06       2.27768
-300.032       3.35706e-06       2.27768
-299.332       3.37121e-06       2.27768
-298.632       3.38546e-06       2.27768
-297.932       3.3998e-06       2.27768
-297.232       3.41423e-06       2.27768
-296.532       3.42876e-06       2.27768
-295.832       3.44338e-06       2.27768
-295.132       3.45811e-06       2.27768
-294.432       3.47292e-06       2.27768
-293.732       3.48784e-06       2.27768
-293.032       3.50286e-06       2.27768
-292.332       3.51798e-06       2.27768
-291.632       3.5332e-06       2.27768
-290.932       3.54852e-06       2.27768
-290.232       3.56395e-06       2.27768
-289.532       3.57948e-06       2.27768
-288.832       3.59512e-06       2.27768
-288.132       3.61086e-06       2.27768
-287.432       3.62672e-06       2.27768
-286.732       3.64268e-06       2.27768
-286.032       3.65876e-06       2.27768
-285.332       3.67495e-06       2.27768
-284.632       3.69125e-06       2.27768
-283.932       3.70766e-06       2.27768
-283.232       3.7242e-06       2.27768
-282.532       3.74085e-06       2.27768
-281.832       3.75762e-06       2.27768
-281.132       3.77451e-06       2.27768
-280.432       3.79153e-06       2.27768
-279.732       3.80866e-06       2.27768
-279.032       3.82593e-06       2.27768
-278.332       3.84332e-06       2.27768
-277.632       3.86085e-06       2.27768
-276.932       3.8785e-06       2.27768
-276.232       3.89629e-06       2.27768
-275.532       3.91422e-06       2.27768
-274.832       3.93229e-06       2.27768
-274.132       3.95049e-06       2.27768
-273.432       3.96885e-06       2.27768
-272.732       3.98735e-06       2.27768
-272.032       4.006e-06       2.27768
-271.332       4.02481e-06       2.27768
-270.632       4.04377e-06       2.27768
-269.932       4.0629e-06       2.27768
-269.232       4.0822e-06       2.27768
-268.532       4.10168e-06       2.27768
-267.832       4.12133e-06       2.27768
-267.132       4.14118e-06       2.27768
-266.432       4.16123e-06       2.27768
-265.732       4.18148e-06       2.27768
-265.032       4.20196e-06       2.27768
-264.332       4.22269e-06       2.27768
-263.632       4.24368e-06       2.27768
-262.932       4.26496e-06       2.27768
-262.232       4.28657e-06       2.27768
-261.532       4.30858e-06       2.27768
-260.832       4.33104e-06       2.27768
-260.132       4.35409e-06       2.27768
-259.432       4.37791e-06       2.27768
-258.732       4.40278e-06       2.27768
-258.032       4.42924e-06       2.27768
-257.332       4.45828e-06       2.27768
-256.632       4.4919e-06       2.27768
-255.932       4.53453e-06       2.27768
-255.232       4.59527e-06       2.27768
-254.532       4.6798e-06       2.27768
-253.832       4.73005e-06       2.27768
-253.132       4.71342e-06       2.27768
-252.432       4.71694e-06       2.27768
-251.732       4.76342e-06       2.27768
-251.032       4.82973e-06       2.27768
-250.332       4.83169e-06       2.27768
-249.632       4.80262e-06       2.27768
-248.932       4.79814e-06       2.27768
-248.232       4.81317e-06       2.27768
-247.532       4.84009e-06       2.27768
-246.832       4.87653e-06       2.27768
-246.132       4.92378e-06       2.27768
-245.432       4.98806e-06       2.27768
-244.732       5.0844e-06       2.27768
-244.032       5.23953e-06       2.27768
-243.332       5.43299e-06       2.27768
-242.632       5.48904e-06       2.27768
-241.932       5.50828e-06       2.27768
-241.232       5.6871e-06       2.27768
-240.532       6.05279e-06       2.27768
-239.832       6.31962e-06       2.27768
-239.132       6.0857e-06       2.27768
-238.432       5.81046e-06       2.27768
-237.732       5.71904e-06       2.27768
-237.032       5.77735e-06       2.27768
-236.332       5.99914e-06       2.27768
-235.632       6.44907e-06       2.27768
-234.932       6.9002e-06       2.27768
-234.232       6.88988e-06       2.27768
-233.532       7.02903e-06       2.27768
-232.832       7.69996e-06       2.27768
-232.132       8.17511e-06       2.27768
-231.432       7.43853e-06       2.27768
-230.732       6.63934e-06       2.27768
-230.032       6.24365e-06       2.27768
-229.332       6.11366e-06       2.27768
-228.632       6.08392e-06       2.27768
-227.932       5.96736e-06       2.27768
-227.232       5.84992e-06       2.27768
-226.532       5.79136e-06       2.27768
-225.832       5.76983e-06       2.27768
-225.132       5.76813e-06       2.27768
-224.432       5.77779e-06       2.27768
-223.732       5.79462e-06       2.27768
-223.032       5.81634e-06       2.27768
-222.332       5.84166e-06       2.27768
-221.632       5.86978e-06       2.27768
-220.932       5.90022e-06       2.27768
-220.232       5.93269e-06       2.27768
-219.532       5.96701e-06       2.27768
-218.832       6.00311e-06       2.27768
-218.132       6.04098e-06       2.27768
-217.432       6.0807e-06       2.27768
-216.732       6.12243e-06       2.27768
-216.032       6.16641e-06       2.27768
-215.332       6.21304e-06       2.27768
-214.632       6.26291e-06       2.27768
-213.932       6.31691e-06       2.27768
-213.232       6.37657e-06       2.27768
-212.532       6.4445e-06       2.27768
-211.832       6.52575e-06       2.27768
-211.132       6.63069e-06       2.27768
-210.432       6.77922e-06       2.27768
-209.732       6.97821e-06       2.27768
-209.032       7.13509e-06       2.27768
-208.332       7.24108e-06       2.27768
-207.632       7.30616e-06       2.27768
-206.932       7.41742e-06       2.27768
-206.232       7.69003e-06       2.27768
-205.532       8.17567e-06       2.27768
-204.832       8.76918e-06       2.27768
-204.132       9.39668e-06       2.27768
-203.432       1.00375e-05       2.27768
-202.732       1.07779e-05       2.27768
-202.032       1.10026e-05       2.27768
-201.332       1.07861e-05       2.27768
-200.632       1.08921e-05       2.27768
-199.932       1.20811e-05       2.27768
-199.232       1.48767e-05       2.27768
-198.532       1.77372e-05       2.27768
-197.832       1.64288e-05       2.27768
-197.132       1.39831e-05       2.27768
-196.432       1.31597e-05       2.27768
-195.732       1.40567e-05       2.27768
-195.032       1.58338e-05       2.27768
-194.332       1.62077e-05       2.27768
-193.632       1.48267e-05       2.27768
-192.932       1.37699e-05       2.27768
-192.232       1.46002e-05       2.27768
-191.532       1.62028e-05       2.27768
-190.832       1.49467e-05       2.27768
-190.132       1.28495e-05       2.27768
-189.432       1.16728e-05       2.27768
-188.732       1.1053e-05       2.27768
-188.032       1.08513e-05       2.27768
-187.332       1.11164e-05       2.27768
-186.632       1.10777e-05       2.27768
-185.932       1.04093e-05       2.27768
-185.232       9.82944e-06       2.27768
-184.532       9.68388e-06       2.27768
-183.832       9.95599e-06       2.27768
-183.132       1.03651e-05       2.27768
-182.432       1.01575e-05       2.27768
-181.732       9.78828e-06       2.27768
-181.032       9.56348e-06       2.27768
-180.332       9.4598e-06       2.27768
-179.632       9.4881e-06       2.27768
-178.932       9.57453e-06       2.27768
-178.232       9.66101e-06       2.27768
-177.532       9.72516e-06       2.27768
-176.832       9.9129e-06       2.27768
-176.132       1.031e-05       2.27768
-175.432       1.10432e-05       2.27768
-174.732       1.22958e-05       2.27768
-174.032       1.40245e-05       2.27768
-173.332       1.6355e-05       2.27768
-172.632       1.69234e-05       2.27768
-171.932       1.46217e-05       2.27768
-171.232       1.30184e-05       2.27768
-170.532       1.25816e-05       2.27768
-169.832       1.29344e-05       2.27768
-169.132       1.39761e-05       2.27768
-168.432       1.50865e-05       2.27768
-167.732       1.51124e-05       2.27768
-167.032       1.49807e-05       2.27768
-166.332       1.56287e-05       2.27768
-165.632       1.68634e-05       2.27768
-164.932       1.74847e-05       2.27768
-164.232       1.88309e-05       2.27768
-163.532       2.11679e-05       2.27768
-162.832       2.36161e-05       2.27768
-162.132       2.78466e-05       2.27768
-161.432       3.01907e-05       2.27768
-160.732       2.90672e-05       2.27768
-160.032       2.48349e-05       2.27768
-159.332       1.9528e-05       2.27768
-158.632       1.60773e-05       2.27768
-157.932       1.42556e-05       2.27768
-157.232       1.3298e-05       2.27768
-156.532       1.27887e-05       2.27768
-155.832       1.25397e-05       2.27768
-155.132       1.2472e-05       2.27768
-154.432       1.25712e-05       2.27768
-153.732       1.28891e-05       2.27768
-153.032       1.358e-05       2.27768
-152.332       1.48006e-05       2.27768
-151.632       1.55581e-05       2.27768
-150.932       1.46966e-05       2.27768
-150.232       1.38919e-05       2.27768
-149.532       1.36397e-05       2.27768
-148.832       1.37713e-05       2.27768
-148.132       1.42442e-05       2.27768
-147.432       1.51994e-05       2.27768
-146.732       1.6898e-05       2.27768
-146.032       1.86447e-05       2.27768
-145.332       1.88454e-05       2.27768
-144.632       1.95453e-05       2.27768
-143.932       2.14135e-05       2.27768
-143.232       2.23721e-05       2.27768
-142.532       2.40617e-05       2.27768
-141.832       2.71645e-05       2.27768
-141.132       2.72401e-05       2.27768
-140.432       2.6368e-05       2.27768
-139.732       2.83683e-05       2.27768
-139.032       3.5066e-05       2.27768
-138.332       4.48212e-05       2.27768
-137.632       4.67038e-05       2.27768
-136.932       4.46993e-05       2.27768
-136.232       4.07556e-05       2.27768
-135.532       3.57899e-05       2.27768
-134.832       3.57344e-05       2.27768
-134.132       3.99812e-05       2.27768
-133.432       4.03224e-05       2.27768
-132.732       3.61868e-05       2.27768
-132.032       3.22132e-05       2.27768
-131.332       2.8561e-05       2.27768
-130.632       2.49189e-05       2.27768
-129.932       2.23479e-05       2.27768
-129.232       2.18105e-05       2.27768
-128.532       2.27393e-05       2.27768
-127.832       2.2411e-05       2.27768
-127.132       2.04829e-05       2.27768
-126.432       1.89846e-05       2.27768
-125.732       1.811e-05       2.27768
-125.032       1.77441e-05       2.27768
-124.332       1.7719e-05       2.27768
-123.632       1.79737e-05       2.27768
-122.932       1.85618e-05       2.27768
-122.232       1.96916e-05       2.27768
-121.532       2.18781e-05       2.27768
-120.832       2.61385e-05       2.27768
-120.132       3.21504e-05       2.27768
-119.432       3.19784e-05       2.27768
-118.732       2.61133e-05       2.27768
-118.032       2.21666e-05       2.27768
-117.332       2.02147e-05       2.27768
-116.632       1.92514e-05       2.27768
-115.932       1.87672e-05       2.27768
-115.232       1.85336e-05       2.27768
-114.532       1.84433e-05       2.27768
-113.832       1.84418e-05       2.27768
-113.132       1.85e-05       2.27768
-112.432       1.86015e-05       2.27768
-111.732       1.87372e-05       2.27768
-111.032       1.89025e-05       2.27768
-110.332       1.90957e-05       2.27768
-109.632       1.93184e-05       2.27768
-108.932       1.95755e-05       2.27768
-108.232       1.98779e-05       2.27768
-107.532       2.0243e-05       2.27768
-106.832       2.06813e-05       2.27768
-106.132       2.12146e-05       2.27768
-105.432       2.18343e-05       2.27768
-104.732       2.24992e-05       2.27768
-104.032       2.34906e-05       2.27768
-103.332       2.51912e-05       2.27768
-102.632       2.81169e-05       2.27768
-101.932       3.22536e-05       2.27768
-101.232       3.54533e-05       2.27768
-100.532       3.56938e-05       2.27768
-99.832       3.65427e-05       2.27768
-99.132       4.02482e-05       2.27768
-98.432       4.80805e-05       2.27768
-97.732       5.25191e-05       2.27768
-97.032       4.62157e-05       2.27768
-96.332       3.79255e-05       2.27768
-95.632       3.26092e-05       2.27768
-94.932       3.02262e-05       2.27768
-94.232       2.92023e-05       2.27768
-93.532       2.8315e-05       2.27768
-92.832       2.78021e-05       2.27768
-92.132       2.76772e-05       2.27768
-91.432       2.77864e-05       2.27768
-90.732       2.81403e-05       2.27768
-90.032       2.87254e-05       2.27768
-89.332       2.95532e-05       2.27768
-88.632       3.06824e-05       2.27768
-87.932       3.22338e-05       2.27768
-87.232       3.44314e-05       2.27768
-86.532       3.76973e-05       2.27768
-85.832       4.28708e-05       2.27768
-85.132       5.17399e-05       2.27768
-84.432       6.83008e-05       2.27768
-83.732       0.000100361       2.27768
-83.032       0.000146401       2.27768
-82.332       0.000146639       2.27768
-81.632       0.000101218       2.27768
-80.932       6.98261e-05       2.27768
-80.232       5.39131e-05       2.27768
-79.532       4.5676e-05       2.27768
-78.832       4.11234e-05       2.27768
-78.712       4.05646e-05       2.27768
-78.592       4.00542e-05       2.27768
-78.472       3.95875e-05       2.27768
-78.352       3.91603e-05       2.27768
-78.232       3.8769e-05       2.27768
-78.112       3.84102e-05       2.27768
-77.992       3.80811e-05       2.27768
-77.872       3.7779e-05       2.27768
-77.752       3.75017e-05       2.27768
-77.632       3.7247e-05       2.27768
-77.512       3.70131e-05       2.27768
-77.392       3.67983e-05       2.27768
-77.272       3.6601e-05       2.27768
-77.152       3.64199e-05       2.27768
-77.032       3.62538e-05       2.27768
-76.912       3.61016e-05       2.27768
-76.792       3.59621e-05       2.27768
-76.672       3.58346e-05       2.27768
-76.552       3.57181e-05       2.27768
-76.432       3.56118e-05       2.27768
-76.312       3.55152e-05       2.27768
-76.192       3.54275e-05       2.27768
-76.072       3.53481e-05       2.27768
-75.952       3.52766e-05       2.27768
-75.832       3.52123e-05       2.27768
-75.712       3.51549e-05       2.27768
-75.592       3.5104e-05       2.27768
-75.472       3.50591e-05       2.27768
-75.352       3.50199e-05       2.27768
-75.232       3.4986e-05       2.27768
-75.112       3.49572e-05       2.27768
-74.992       3.49332e-05       2.27768
-74.872       3.49137e-05       2.27768
-74.752       3.48984e-05       2.27768
-74.632       3.48872e-05       2.27768
-74.512       3.48799e-05       2.27768
-74.392       3.48761e-05       2.27768
-74.272       3.48759e-05       2.27768
-74.152       3.48789e-05       2.27768
-74.032       3.4885e-05       2.27768
-73.912       3.48941e-05       2.27768
-73.792       3.4906e-05       2.27768
-73.672       3.49207e-05       2.27768
-73.552       3.49379e-05       2.27768
-73.432       3.49576e-05       2.27768
-73.312       3.49797e-05       2.27768
-73.192       3.5004e-05       2.27768
-73.072       3.50305e-05       2.27768
-72.952       3.50591e-05       2.27768
-72.832       3.50897e-05       2.27768
-72.712       3.51223e-05       2.27768
-72.592       3.51566e-05       2.27768
-72.472       3.51928e-05       2.27768
-72.352       3.52306e-05       2.27768
-72.232       3.52702e-05       2.27768
-72.112       3.53113e-05       2.27768
-71.992       3.53539e-05       2.27768
-71.872       3.53981e-05       2.27768
-71.752       3.54436e-05       2.27768
-71.632       3.54906e-05       2.27768
-71.512       3.55389e-05       2.27768
-71.392       3.55886e-05       2.27768
-71.272       3.56395e-05       2.27768
-71.152       3.56916e-05       2.27768
-71.032       3.57449e-05       2.27768
-70.912       3.57994e-05       2.27768
-70.792       3.5855e-05       2.27768
-70.672       3.59117e-05       2.27768
-70.552       3.59695e-05       2.27768
-70.432       3.60284e-05       2.27768
-70.312       3.60882e-05       2.27768
-70.192       3.61491e-05       2.27768
-70.072       3.62109e-05       2.27768
-69.952       3.62737e-05       2.27768
-69.832       3.63374e-05       2.27768
-69.712       3.6402e-05       2.27768
-69.592       3.64675e-05       2.27768
-69.472       3.65339e-05       2.27768
-69.352       3.66011e-05       2.27768
-69.232       3.66692e-05       2.27768
-69.112       3.67381e-05       2.27768
-68.992       3.68078e-05       2.27768
-68.872       3.68782e-05       2.27768
-68.752       3.69495e-05       2.27768
-68.632       3.70216e-05       2.27768
-68.512       3.70944e-05       2.27768
-68.392       3.71679e-05       2.27768
-68.272       3.72422e-05       2.27768
-68.152       3.73172e-05       2.27768
-68.032       3.73929e-05       2.27768
-67.912       3.74693e-05       2.27768
-67.792       3.75465e-05       2.27768
-67.672       3.76243e-05       2.27768
-67.552       3.77028e-05       2.27768
-67.432       3.77819e-05       2.27768
-67.312       3.78617e-05       2.27768
-67.192       3.79422e-05       2.27768
-67.072       3.80233e-05       2.27768
-66.952       3.81051e-05       2.27768
-66.832       3.81875e-05       2.27768
-66.712       3.82706e-05       2.27768
-66.592       3.83543e-05       2.27768
-66.472       3.84386e-05       2.27768
-66.352       3.85235e-05       2.27768
-66.232       3.8609e-05       2.27768
-66.112       3.86951e-05       2.27768
-65.992       3.87819e-05       2.27768
-65.872       3.88692e-05       2.27768
-65.752       3.89572e-05       2.27768
-65.632       3.90457e-05       2.27768
-65.512       3.91348e-05       2.27768
-65.392       3.92246e-05       2.27768
-65.272       3.93149e-05       2.27768
-65.152       3.94058e-05       2.27768
-65.032       3.94972e-05       2.27768
-64.912       3.95893e-05       2.27768
-64.792       3.96819e-05       2.27768
-64.672       3.97751e-05       2.27768
-64.552       3.98689e-05       2.27768
-64.432       3.99632e-05       2.27768
-64.312       4.00582e-05       2.27768
-64.192       4.01536e-05       2.27768
-64.072       4.02497e-05       2.27768
-63.952       4.03463e-05       2.27768
-63.832       4.04435e-05       2.27768
-63.712       4.05413e-05       2.27768
-63.592       4.06396e-05       2.27768
-63.472       4.07385e-05       2.27768
-63.352       4.0838e-05       2.27768
-63.232       4.0938e-05       2.27768
-63.112       4.10386e-05       2.27768
-62.992       4.11397e-05       2.27768
-62.872       4.12414e-05       2.27768
-62.752       4.13437e-05       2.27768
-62.632       4.14466e-05       2.27768
-62.512       4.155e-05       2.27768
-62.392       4.1654e-05       2.27768
-62.272       4.17585e-05       2.27768
-62.152       4.18636e-05       2.27768
-62.032       4.19693e-05       2.27768
-61.912       4.20755e-05       2.27768
-61.792       4.21824e-05       2.27768
-61.672       4.22898e-05       2.27768
-61.552       4.23977e-05       2.27768
-61.432       4.25063e-05       2.27768
-61.312       4.26154e-05       2.27768
-61.192       4.2725e-05       2.27768
-61.072       4.28353e-05       2.27768
-60.952       4.29461e-05       2.27768
-60.832       4.30576e-05       2.27768
-60.712       4.31696e-05       2.27768
-60.592       4.32821e-05       2.27768
-60.472       4.33953e-05       2.27768
-60.352       4.35091e-05       2.27768
-60.232       4.36234e-05       2.27768
-60.112       4.37383e-05       2.27768
-59.992       4.38539e-05       2.27768
-59.872       4.397e-05       2.27768
-59.752       4.40867e-05       2.27768
-59.632       4.4204e-05       2.27768
-59.512       4.43219e-05       2.27768
-59.392       4.44405e-05       2.27768
-59.272       4.45596e-05       2.27768
-59.152       4.46793e-05       2.27768
-59.032       4.47997e-05       2.27768
-58.912       4.49206e-05       2.27768
-58.792       4.50422e-05       2.27768
-58.672       4.51644e-05       2.27768
-58.552       4.52872e-05       2.27768
-58.432       4.54106e-05       2.27768
-58.312       4.55347e-05       2.27768
-58.192       4.56594e-05       2.27768
-58.072       4.57847e-05       2.27768
-57.952       4.59107e-05       2.27768
-57.832       4.60373e-05       2.27768
-57.712       4.61645e-05       2.27768
-57.592       4.62924e-05       2.27768
-57.472       4.64209e-05       2.27768
-57.352       4.65501e-05       2.27768
-57.232       4.668e-05       2.27768
-57.112       4.68105e-05       2.27768
-56.992       4.69416e-05       2.27768
-56.872       4.70735e-05       2.27768
-56.752       4.7206e-05       2.27768
-56.632       4.73391e-05       2.27768
-56.512       4.7473e-05       2.27768
-56.392       4.76075e-05       2.27768
-56.272       4.77427e-05       2.27768
-56.152       4.78786e-05       2.27768
-56.032       4.80152e-05       2.27768
-55.912       4.81524e-05       2.27768
-55.792       4.82904e-05       2.27768
-55.672       4.84291e-05       2.27768
-55.552       4.85685e-05       2.27768
-55.432       4.87086e-05       2.27768
-55.312       4.88494e-05       2.27768
-55.192       4.89909e-05       2.27768
-55.072       4.91332e-05       2.27768
-54.952       4.92762e-05       2.27768
-54.832       4.94199e-05       2.27768
-54.712       4.95644e-05       2.27768
-54.592       4.97096e-05       2.27768
-54.472       4.98555e-05       2.27768
-54.352       5.00022e-05       2.27768
-54.232       5.01497e-05       2.27768
-54.112       5.02979e-05       2.27768
-53.992       5.04469e-05       2.27768
-53.872       5.05966e-05       2.27768
-53.752       5.07471e-05       2.27768
-53.632       5.08985e-05       2.27768
-53.512       5.10506e-05       2.27768
-53.392       5.12034e-05       2.27768
-53.272       5.13571e-05       2.27768
-53.152       5.15116e-05       2.27768
-53.032       5.16669e-05       2.27768
-52.912       5.1823e-05       2.27768
-52.792       5.19799e-05       2.27768
-52.672       5.21377e-05       2.27768
-52.552       5.22962e-05       2.27768
-52.432       5.24557e-05       2.27768
-52.312       5.26159e-05       2.27768
-52.192       5.2777e-05       2.27768
-52.072       5.2939e-05       2.27768
-52.072       0       0


-49.7967       0       0
-49.7967       5.61793e-05       2.27768
-49.6767       5.63596e-05       2.27768
-49.5567       5.65409e-05       2.27768
-49.4367       5.67233e-05       2.27768
-49.3167       5.69066e-05       2.27768
-49.1967       5.70909e-05       2.27768
-49.0767       5.72763e-05       2.27768
-48.9567       5.74627e-05       2.27768
-48.8367       5.76501e-05       2.27768
-48.7167       5.78386e-05       2.27768
-48.5967       5.80282e-05       2.27768
-48.4767       5.82188e-05       2.27768
-48.3567       5.84105e-05       2.27768
-48.2367       5.86033e-05       2.27768
-48.1167       5.87972e-05       2.27768
-47.9967       5.89921e-05       2.27768
-47.8767       5.91882e-05       2.27768
-47.7567       5.93854e-05       2.27768
-47.6367       5.95837e-05       2.27768
-47.5167       5.97832e-05       2.27768
-47.3967       5.99838e-05       2.27768
-47.2767       6.01856e-05       2.27768
-47.1567       6.03886e-05       2.27768
-47.0367       6.05927e-05       2.27768
-46.9167       6.0798e-05       2.27768
-46.7967       6.10045e-05       2.27768
-46.6767       6.12122e-05       2.27768
-46.5567       6.14211e-05       2.27768
-46.4367       6.16313e-05       2.27768
-46.3167       6.18427e-05       2.27768
-46.1967       6.20553e-05       2.27768
-46.0767       6.22692e-05       2.27768
-45.9567       6.24844e-05       2.27768
-45.8367       6.27008e-05       2.27768
-45.7167       6.29186e-05       2.27768
-45.5967       6.31376e-05       2.27768
-45.4767       6.3358e-05       2.27768
-45.3567       6.35797e-05       2.27768
-45.2367       6.38027e-05       2.27768
-45.1167       6.40271e-05       2.27768
-44.9967       6.42529e-05       2.27768
-44.8767       6.448e-05       2.27768
-44.7567       6.47085e-05       2.27768
-44.6367       6.49384e-05       2.27768
-44.5167       6.51697e-05       2.27768
-44.3967       6.54025e-05       2.27768
-44.2767       6.56367e-05       2.27768
-44.1567       6.58723e-05       2.27768
-44.0367       6.61095e-05       2.27768
-43.9167       6.63481e-05       2.27768
-43.7967       6.65881e-05       2.27768
-43.6767       6.68297e-05       2.27768
-43.5567       6.70729e-05       2.27768
-43.4367       6.73175e-05       2.27768
-43.3167       6.75637e-05       2.27768
-43.1967       6.78115e-05       2.27768
-43.0767       6.80609e-05       2.27768
-42.9567       6.83119e-05       2.27768
-42.8367       6.85644e-05       2.27768
-42.7167       6.88186e-05       2.27768
-42.5967       6.90745e-05       2.27768
-42.4767       6.9332e-05       2.27768
-42.3567       6.95912e-05       2.27768
-42.2367       6.9852e-05       2.27768
-42.1167       7.01146e-05       2.27768
-41.9967       7.0379e-05       2.27768
-41.8767       7.0645e-05       2.27768
-41.7567       7.09128e-05       2.27768
-41.6367       7.11825e-05       2.27768
-41.5167       7.14539e-05       2.27768
-41.3967       7.17271e-05       2.27768
-41.2767       7.20022e-05       2.27768
-41.1567       7.22791e-05       2.27768
-41.0367       7.25579e-05       2.27768
-40.9167       7.28385e-05       2.27768
-40.7967       7.31211e-05       2.27768
-40.6767       7.34057e-05       2.27768
-40.5567       7.36922e-05       2.27768
-40.4367       7.39806e-05       2.27768
-40.3167       7.42711e-05       2.27768
-40.1967       7.45636e-05       2.27768
-40.0767       7.48581e-05       2.27768
-39.9567       7.51547e-05       2.27768
-39.8367       7.54533e-05       2.27768
-39.7167       7.57541e-05       2.27768
-39.5967       7.6057e-05       2.27768
-39.4767       7.6362e-05       2.27768
-39.3567       7.66693e-05       2.27768
-39.2367       7.69787e-05       2.27768
-39.1167       7.72904e-05       2.27768
-38.9967       7.76043e-05       2.27768
-38.8767       7.79205e-05       2.27768
-38.7567       7.8239e-05       2.27768
-38.6367       7.85598e-05       2.27768
-38.5167       7.8883e-05       2.27768
-38.3967       7.92085e-05       2.27768
-38.2767       7.95365e-05       2.27768
-38.1567       7.98669e-05       2.27768
-38.0367       8.01998e-05       2.27768
-37.9167       8.05352e-05       2.27768
-37.7967       8.08731e-05       2.27768
-37.6767       8.12135e-05       2.27768
-37.5567       8.15566e-05       2.27768
-37.4367       8.19022e-05       2.27768
-37.3167       8.22505e-05       2.27768
-37.1967       8.26015e-05       2.27768
-37.0767       8.29552e-05       2.27768
-36.9567       8.33117e-05       2.27768
-36.8367       8.36709e-05       2.27768
-36.7167       8.4033e-05       2.27768
-36.5967       8.43979e-05       2.27768
-36.4767       8.47657e-05       2.27768
-36.3567       8.51364e-05       2.27768
-36.2367       8.55101e-05       2.27768
-36.1167       8.58868e-05       2.27768
-35.9967       8.62665e-05       2.27768
-35.8767       8.66493e-05       2.27768
-35.7567       8.70352e-05       2.27768
-35.6367       8.74242e-05       2.27768
-35.5167       8.78165e-05       2.27768
-35.3967       8.8212e-05       2.27768
-35.2767       8.86108e-05       2.27768
-35.1567       8.90129e-05       2.27768
-35.0367       8.94184e-05       2.27768
-34.9167       8.98273e-05       2.27768
-34.7967       9.02397e-05       2.27768
-34.6767       9.06556e-05       2.27768
-34.5567       9.1075e-05       2.27768
-34.4367       9.14981e-05       2.27768
-34.3167       9.19248e-05       2.27768
-34.1967       9.23552e-05       2.27768
-34.0767       9.27894e-05       2.27768
-33.9567       9.32274e-05       2.27768
-33.8367       9.36693e-05       2.27768
-33.7167       9.41151e-05       2.27768
-33.5967       9.45648e-05       2.27768
-33.4767       9.50187e-05       2.27768
-33.3567       9.54766e-05       2.27768
-33.2367       9.59387e-05       2.27768
-33.1167       9.6405e-05       2.27768
-32.9967       9.68756e-05       2.27768
-32.8767       9.73505e-05       2.27768
-32.7567       9.78298e-05       2.27768
-32.6367       9.83137e-05       2.27768
-32.5167       9.88021e-05       2.27768
-32.3967       9.92951e-05       2.27768
-32.2767       9.97928e-05       2.27768
-32.1567       0.000100295       2.27768
-32.0367       0.000100803       2.27768
-31.9167       0.000101315       2.27768
-31.7967       0.000101832       2.27768
-31.6767       0.000102354       2.27768
-31.5567       0.000102882       2.27768
-31.4367       0.000103414       2.27768
-31.3167       0.000103952       2.27768
-31.1967       0.000104496       2.27768
-31.0767       0.000105045       2.27768
-30.9567       0.000105599       2.27768
-30.8367       0.000106159       2.27768
-30.7167       0.000106725       2.27768
-30.5967       0.000107297       2.27768
-30.4767       0.000107875       2.27768
-30.3567       0.000108459       2.27768
-30.2367       0.000109049       2.27768
-30.1167       0.000109645       2.27768
-29.9967       0.000110248       2.27768
-29.8767       0.000110858       2.27768
-29.7567       0.000111473       2.27768
-29.6367       0.000112096       2.27768
-29.5167       0.000112726       2.27768
-29.3967       0.000113362       2.27768
-29.2767       0.000114006       2.27768
-29.1567       0.000114657       2.27768
-29.0367       0.000115316       2.27768
-28.9167       0.000115982       2.27768
-28.7967       0.000116655       2.27768
-28.6767       0.000117337       2.27768
-28.5567       0.000118026       2.27768
-28.4367       0.000118724       2.27768
-28.3167       0.00011943       2.27768
-28.1967       0.000120144       2.27768
-28.0767       0.000120868       2.27768
-27.9567       0.000121599       2.27768
-27.8367       0.00012234       2.27768
-27.7167       0.00012309       2.27768
-27.5967       0.00012385       2.27768
-27.4767       0.000124619       2.27768
-27.3567       0.000125397       2.27768
-27.2367       0.000126186       2.27768
-27.1167       0.000126985       2.27768
-26.9967       0.000127794       2.27768
-26.8767       0.000128614       2.27768
-26.7567       0.000129444       2.27768
-26.6367       0.000130286       2.27768
-26.5167       0.000131139       2.27768
-26.3967       0.000132004       2.27768
-26.2767       0.00013288       2.27768
-26.1567       0.000133769       2.27768
-26.0367       0.00013467       2.27768
-25.9167       0.000135583       2.27768
-25.7967       0.00013651       2.27768
-25.6767       0.00013745       2.27768
-25.5567       0.000138403       2.27768
-25.4367       0.000139371       2.27768
-25.3167       0.000140352       2.27768
-25.1967       0.000141349       2.27768
-25.0767       0.00014236       2.27768
-24.9567       0.000143386       2.27768
-24.8367       0.000144429       2.27768
-24.7167       0.000145487       2.27768
-24.5967       0.000146562       2.27768
-24.4767       0.000147653       2.27768
-24.3567       0.000148763       2.27768
-24.2367       0.00014989       2.27768
-24.1167       0.000151035       2.27768
-23.9967       0.000152199       2.27768
-23.8767       0.000153383       2.27768
-23.7567       0.000154586       2.27768
-23.6367       0.00015581       2.27768
-23.5167       0.000157054       2.27768
-23.3967       0.00015832       2.27768
-23.2767       0.000159609       2.27768
-23.1567       0.00016092       2.27768
-23.0367       0.000162254       2.27768
-22.9167       0.000163613       2.27768
-22.7967       0.000164997       2.27768
-22.6767       0.000166406       2.27768
-22.5567       0.000167841       2.27768
-22.4367       0.000169304       2.27768
-22.3167       0.000170795       2.27768
-21.6167       0.000180096       2.27768
-20.9167       0.000190585       2.27768
-20.2167       0.000202521       2.27768
-19.5167       0.000216245       2.27768
-18.8167       0.000232211       2.27768
-18.1167       0.000251039       2.27768
-17.4167       0.000273588       2.27768
-16.7167       0.000301084       2.27768
-16.0167       0.000335325       2.27768
-15.3167       0.000379036       2.27768
-14.6167       0.000436509       2.27768
-13.9167       0.000514817       2.27768
-13.2167       0.000626257       2.27768
-12.5167       0.000793598       2.27768
-11.8167       0.00106217       2.27768
-11.1167       0.00152916       2.27768
-10.4167       0.00241001       2.27768
-9.71675       0.00407367       2.27768
-9.01675       0.00601386       2.27768
-8.31675       0.00536321       2.27768
-7.61675       0.00355029       2.27768
-6.91675       0.00267019       2.27768
-6.21675       0.0026784       2.27768
-5.51675       0.00345482       2.27768
-4.81675       0.00404975       2.27768
-4.11675       0.00303602       2.27768
-3.41675       0.00192266       2.27768
-2.71675       0.00131453       2.27768
-2.01675       0.00100027       2.27768
-1.31675       0.000829697       2.27768
-0.616747       0.000734133       2.27768
0.0832526       0.000682157       2.27768
0.783253       0.000658812       2.27768
1.48325       0.000657222       2.27768
2.18325       0.000675383       2.27768
2.88325       0.000715544       2.27768
3.58325       0.000785864       2.27768
4.28325       0.000905886       2.27768
4.98325       0.00111799       2.27768
5.68325       0.00147381       2.27768
6.38325       0.00181051       2.27768
7.08325       0.00190478       2.27768
7.78325       0.00211949       2.27768
8.48325       0.00246445       2.27768
9.18325       0.0028133       2.27768
9.88325       0.00334331       2.27768
10.5833       0.00404896       2.27768
11.2833       0.00453599       2.27768
11.9833       0.00422874       2.27768
12.6833       0.00393953       2.27768
13.3833       0.00347392       2.27768
14.0833       0.00301804       2.27768
14.7833       0.00287843       2.27768
15.4833       0.00268908       2.27768
16.1833       0.00253399       2.27768
16.8833       0.00263813       2.27768
17.5833       0.00305395       2.27768
18.2833       0.00378484       2.27768
18.9833       0.00427111       2.27768
19.6833       0.00433473       2.27768
20.3833       0.00477238       2.27768
21.0833       0.0058527       2.27768
21.7833       0.00785198       2.27768
22.4833       0.0110219       2.27768
23.1833       0.0142459       2.27768
23.8833       0.0183593       2.27768
24.5833       0.0278358       2.27768
25.2833       0.0472008       2.27768
25.9833       0.069208       2.27768
26.6833       0.0590878       2.27768
27.3833       0.0354596       2.27768
28.0833       0.0216809       2.27768
28.7833       0.0152       2.27768
29.4833       0.0126717       2.27768
30.1833       0.012412       2.27768
30.8833       0.011923       2.27768
31.5833       0.0110885       2.27768
32.2833       0.0113576       2.27768
32.9833       0.0111146       2.27768
33.6833       0.0112227       2.27768
34.3833       0.0132484       2.27768
35.0833       0.0182132       2.27768
35.7833       0.0286097       2.27768
36.4833       0.048433       2.27768
37.1833       0.0678707       2.27768
37.8833       0.0560566       2.27768
38.5833       0.0370071       2.27768
39.2833       0.0277314       2.27768
39.9833       0.0219474       2.27768
40.6833       0.0175095       2.27768
41.3833       0.0155032       2.27768
42.0833       0.0142488       2.27768
42.7833       0.0137217       2.27768
43.4833       0.013496       2.27768
44.1833       0.0114034       2.27768
44.8833       0.00981619       2.27768
45.5833       0.00907607       2.27768
46.2833       0.0090665       2.27768
46.9833       0.00986428       2.27768
47.6833       0.0105215       2.27768
48.3833       0.010313       2.27768
49.0833       0.00936098       2.27768
49.7833       0.00750179       2.27768
50.4833       0.00617357       2.27768
51.1833       0.00549148       2.27768
51.8833       0.00519276       2.27768
52.5833       0.00540422       2.27768
53.2833       0.00596089       2.27768
53.9833       0.00699138       2.27768
54.6833       0.00929653       2.27768
55.3833       0.013538       2.27768
56.0833       0.020193       2.27768
56.7833       0.0304559       2.27768
57.4833       0.0360089       2.27768
58.1833       0.0275612       2.27768
58.8833       0.0179279       2.27768
59.5833       0.0136452       2.27768
60.2833       0.013617       2.27768
60.9833       0.0144184       2.27768
61.6833       0.0126022       2.27768
62.3833       0.0118855       2.27768
63.0833       0.0108039       2.27768
63.7833       0.00756235       2.27768
64.4833       0.00528111       2.27768
65.1833       0.00431592       2.27768
65.8833       0.00410461       2.27768
66.5833       0.0037045       2.27768
67.2833       0.00318871       2.27768
67.9833       0.00298801       2.27768
68.6833       0.0026471       2.27768
69.3833       0.00223928       2.27768
70.0833       0.00208037       2.27768
70.7833       0.00206905       2.27768
71.4833       0.00217114       2.27768
72.1833       0.00237142       2.27768
72.8833       0.00262793       2.27768
73.5833       0.00266708       2.27768
74.2833       0.00244231       2.27768
74.9833       0.00231611       2.27768
75.6833       0.00229385       2.27768
76.3833       0.0020603       2.27768
77.0833       0.0016787       2.27768
77.7833       0.00139361       2.27768
78.4833       0.00125681       2.27768
79.1833       0.00123433       2.27768
79.8833       0.00129966       2.27768
80.5833       0.00142846       2.27768
81.2833       0.00137398       2.27768
81.9833       0.00115753       2.27768
82.6833       0.0010093       2.27768
83.3833       0.000991109       2.27768
84.0833       0.00112863       2.27768
84.7833       0.00129568       2.27768
85.4833       0.00125739       2.27768
86.1833       0.00118876       2.27768
86.8833       0.00133882       2.27768
87.5833       0.0017975       2.27768
88.2833       0.00219145       2.27768
88.9833       0.00212889       2.27768
89.6833       0.002112       2.27768
90.3833       0.00174142       2.27768
91.0833       0.00127989       2.27768
91.7833       0.00112495       2.27768
92.4833       0.00123772       2.27768
93.1833       0.00138979       2.27768
93.8833       0.00122352       2.27768
94.5833       0.000842954       2.27768
95.2833       0.000589053       2.27768
95.9833       0.000454398       2.27768
96.6833       0.00037778       2.27768
97.3833       0.000326233       2.27768
98.0833       0.000292666       2.27768
98.7833       0.000272777       2.27768
99.4833       0.000264071       2.27768
100.183       0.000267339       2.27768
100.883       0.000281876       2.27768
101.583       0.000296613       2.27768
102.283       0.000315003       2.27768
102.983       0.000341       2.27768
103.683       0.000393082       2.27768
104.383       0.000469369       2.27768
105.083       0.000541319       2.27768
105.783       0.0006235       2.27768
106.483       0.000708294       2.27768
107.183       0.000761946       2.27768
107.883       0.000744706       2.27768
108.583       0.000729234       2.27768
109.283       0.000726397       2.27768
109.983       0.000708271       2.27768
110.683       0.00073337       2.27768
111.383       0.000744421       2.27768
112.083       0.000710528       2.27768
112.783       0.000709179       2.27768
113.483       0.000761284       2.27768
114.183       0.00072694       2.27768
114.883       0.000612639       2.27768
115.583       0.000538687       2.27768
116.283       0.000522219       2.27768
116.983       0.000544238       2.27768
117.683       0.000586138       2.27768
118.383       0.000497068       2.27768
119.083       0.000347103       2.27768
119.783       0.00025464       2.27768
120.483       0.000210334       2.27768
121.183       0.000197285       2.27768
121.883       0.000209286       2.27768
122.583       0.00021827       2.27768
123.283       0.000186356       2.27768
123.983       0.00015769       2.27768
124.683       0.000146209       2.27768
125.383       0.000140827       2.27768
126.083       0.000146202       2.27768
126.783       0.00014787       2.27768
127.483       0.000124836       2.27768
128.183       0.000103708       2.27768
128.883       9.16982e-05       2.27768
129.583       8.49979e-05       2.27768
130.283       8.13026e-05       2.27768
130.983       7.98017e-05       2.27768
131.683       8.06445e-05       2.27768
132.383       8.50524e-05       2.27768
133.083       9.54762e-05       2.27768
133.783       0.000109817       2.27768
134.483       0.000113681       2.27768
135.183       0.000110658       2.27768
135.883       0.000114477       2.27768
136.583       0.000124533       2.27768
137.283       0.000130734       2.27768
137.983       0.000121734       2.27768
138.683       0.000107192       2.27768
139.383       0.000101039       2.27768
140.083       0.000100958       2.27768
140.783       0.000102626       2.27768
141.483       0.000109514       2.27768
142.183       0.000125265       2.27768
142.883       0.000143321       2.27768
143.583       0.00015518       2.27768
144.283       0.000167753       2.27768
144.983       0.000170344       2.27768
145.683       0.000166924       2.27768
146.383       0.000167174       2.27768
147.083       0.000172156       2.27768
147.783       0.000166618       2.27768
148.483       0.000136561       2.27768
149.183       0.000107609       2.27768
149.883       9.08011e-05       2.27768
150.583       8.14902e-05       2.27768
151.283       8.12895e-05       2.27768
151.983       8.98356e-05       2.27768
152.683       9.33981e-05       2.27768
153.383       9.27599e-05       2.27768
154.083       9.83423e-05       2.27768
154.783       8.70256e-05       2.27768
155.483       6.71908e-05       2.27768
156.183       5.50558e-05       2.27768
156.883       4.84503e-05       2.27768
157.583       4.43945e-05       2.27768
158.283       4.1818e-05       2.27768
158.983       4.01893e-05       2.27768
159.683       3.91981e-05       2.27768
160.383       3.87125e-05       2.27768
161.083       3.87201e-05       2.27768
161.783       3.93194e-05       2.27768
162.483       4.07697e-05       2.27768
163.183       4.3638e-05       2.27768
163.883       4.91059e-05       2.27768
164.583       5.91267e-05       2.27768
165.283       7.5234e-05       2.27768
165.983       9.55035e-05       2.27768
166.683       0.000105873       2.27768
167.383       9.79904e-05       2.27768
168.083       8.78181e-05       2.27768
168.783       8.98687e-05       2.27768
169.483       9.70052e-05       2.27768
170.183       9.65013e-05       2.27768
170.883       9.18694e-05       2.27768
171.583       7.55325e-05       2.27768
172.283       6.25565e-05       2.27768
172.983       5.69839e-05       2.27768
173.683       5.51222e-05       2.27768
174.383       5.20683e-05       2.27768
175.083       4.6897e-05       2.27768
175.783       4.3873e-05       2.27768
176.483       4.48753e-05       2.27768
177.183       5.11004e-05       2.27768
177.883       5.87268e-05       2.27768
178.583       5.41423e-05       2.27768
179.283       4.52341e-05       2.27768
179.983       4.08368e-05       2.27768
180.683       3.73506e-05       2.27768
181.383       3.39189e-05       2.27768
182.083       3.29257e-05       2.27768
182.783       3.50103e-05       2.27768
183.483       3.89413e-05       2.27768
184.183       4.03069e-05       2.27768
184.883       3.59869e-05       2.27768
185.583       3.04927e-05       2.27768
186.283       2.77031e-05       2.27768
186.983       2.67859e-05       2.27768
187.683       2.5557e-05       2.27768
188.383       2.37211e-05       2.27768
189.083       2.24784e-05       2.27768
189.783       2.17801e-05       2.27768
190.483       2.14337e-05       2.27768
191.183       2.13856e-05       2.27768
191.883       2.17111e-05       2.27768
192.583       2.26696e-05       2.27768
193.283       2.48517e-05       2.27768
193.983       2.88144e-05       2.27768
194.683       3.15337e-05       2.27768
195.383       2.85207e-05       2.27768
196.083       2.46895e-05       2.27768
196.783       2.29521e-05       2.27768
197.483       2.28685e-05       2.27768
198.183       2.40145e-05       2.27768
198.883       2.65276e-05       2.27768
199.583       2.75542e-05       2.27768
200.283       2.50455e-05       2.27768
200.983       2.3424e-05       2.27768
201.683       2.28319e-05       2.27768
202.383       2.27001e-05       2.27768
203.083       2.36374e-05       2.27768
203.783       2.50772e-05       2.27768
204.483       2.77603e-05       2.27768
205.183       3.17587e-05       2.27768
205.883       3.20934e-05       2.27768
206.583       2.98959e-05       2.27768
207.283       2.53685e-05       2.27768
207.983       2.17139e-05       2.27768
208.683       2.00636e-05       2.27768
209.383       1.92851e-05       2.27768
210.083       1.79271e-05       2.27768
210.783       1.65356e-05       2.27768
211.483       1.56395e-05       2.27768
212.183       1.50608e-05       2.27768
212.883       1.46491e-05       2.27768
213.583       1.43308e-05       2.27768
214.283       1.40691e-05       2.27768
214.983       1.38445e-05       2.27768
215.683       1.36455e-05       2.27768
216.383       1.34653e-05       2.27768
217.083       1.32991e-05       2.27768
217.783       1.3144e-05       2.27768
218.483       1.29977e-05       2.27768
219.183       1.28587e-05       2.27768
219.883       1.27258e-05       2.27768
220.583       1.25981e-05       2.27768
221.283       1.24749e-05       2.27768
221.983       1.23558e-05       2.27768
222.683       1.22402e-05       2.27768
223.383       1.21278e-05       2.27768
224.083       1.20183e-05       2.27768
224.783       1.19116e-05       2.27768
225.483       1.18074e-05       2.27768
226.183       1.17057e-05       2.27768
226.883       1.16062e-05       2.27768
227.583       1.15089e-05       2.27768
228.283       1.14138e-05       2.27768
228.983       1.13209e-05       2.27768
229.683       1.12301e-05       2.27768
230.383       1.11415e-05       2.27768
231.083       1.10553e-05       2.27768
231.783       1.09717e-05       2.27768
232.483       1.08911e-05       2.27768
233.183       1.08139e-05       2.27768
233.883       1.07412e-05       2.27768
234.583       1.06742e-05       2.27768
235.283       1.06155e-05       2.27768
235.983       1.05692e-05       2.27768
236.683       1.05436e-05       2.27768
237.383       1.05546e-05       2.27768
238.083       1.06374e-05       2.27768
238.783       1.08698e-05       2.27768
239.483       1.13794e-05       2.27768
240.183       1.19437e-05       2.27768
240.883       1.15673e-05       2.27768
241.583       1.08409e-05       2.27768
242.283       1.04299e-05       2.27768
242.983       1.02665e-05       2.27768
243.683       1.01465e-05       2.27768
244.383       9.90866e-06       2.27768
245.083       9.69769e-06       2.27768
245.783       9.54852e-06       2.27768
246.483       9.43431e-06       2.27768
247.183       9.33844e-06       2.27768
247.883       9.25296e-06       2.27768
248.583       9.17397e-06       2.27768
249.283       9.09936e-06       2.27768
249.983       9.02791e-06       2.27768
250.683       8.95887e-06       2.27768
251.383       8.89175e-06       2.27768
252.083       8.82623e-06       2.27768
252.783       8.76208e-06       2.27768
253.483       8.69913e-06       2.27768
254.183       8.63726e-06       2.27768
