#
#
#   Lonertzian-smoothed self-energy (both particle and hole)
#
#   k = 1.39479 fm^-1 (group = 10)     and E_F = -52.0162 MeV
#
#   Sigma^{infty} = -42.44 MeV
#
#
#    E               Re \Sig(k,E)       Im \Sig(k,E)             k 

-255.273      -46.206       0.0214531            1.39479
-254.573      -46.2255       0.0219779            1.39479
-253.873      -46.2453       0.022527            1.39479
-253.173      -46.2655       0.0231022            1.39479
-252.473      -46.286       0.0237056            1.39479
-251.773      -46.307       0.0243395            1.39479
-251.073      -46.3283       0.0250065            1.39479
-250.373      -46.3501       0.0257095            1.39479
-249.673      -46.3723       0.0264518            1.39479
-248.973      -46.3951       0.0272371            1.39479
-248.273      -46.4183       0.0280696            1.39479
-247.573      -46.442       0.0289542            1.39479
-246.873      -46.4663       0.0298964            1.39479
-246.173      -46.4912       0.0309026            1.39479
-245.473      -46.5168       0.0319803            1.39479
-244.773      -46.543       0.0331382            1.39479
-244.073      -46.57       0.0343866            1.39479
-243.373      -46.5977       0.0357379            1.39479
-242.673      -46.6263       0.0372067            1.39479
-241.973      -46.6558       0.038811            1.39479
-241.273      -46.6864       0.0405727            1.39479
-240.573      -46.718       0.0425194            1.39479
-239.873      -46.7508       0.0446856            1.39479
-239.173      -46.785       0.0471159            1.39479
-238.473      -46.8207       0.0498687            1.39479
-237.773      -46.8581       0.0530226            1.39479
-237.073      -46.8974       0.0566858            1.39479
-236.373      -46.939       0.0610124            1.39479
-235.673      -46.9832       0.0662301            1.39479
-234.973      -47.0306       0.0726902            1.39479
-234.273      -47.0818       0.080964            1.39479
-233.573      -47.1378       0.0920394            1.39479
-232.873      -47.1998       0.107752            1.39479
-232.173      -47.2693       0.1318            1.39479
-231.473      -47.3468       0.172196            1.39479
-230.773      -47.4246       0.246021            1.39479
-230.073      -47.4565       0.370872            1.39479
-229.373      -47.3654       0.452512            1.39479
-228.673      -47.3134       0.371918            1.39479
-227.973      -47.3905       0.297361            1.39479
-227.273      -47.5081       0.286316            1.39479
-226.573      -47.62       0.323115            1.39479
-225.873      -47.7099       0.362675            1.39479
-225.173      -47.8392       0.389909            1.39479
-224.473      -48.0234       0.470204            1.39479
-223.773      -48.2348       0.651719            1.39479
-223.073      -48.3981       0.99551            1.39479
-222.373      -48.3319       1.42477            1.39479
-221.673      -48.18       1.74689            1.39479
-220.973      -47.8165       2.2485            1.39479
-220.273      -46.902       2.20994            1.39479
-219.573      -46.5775       1.49849            1.39479
-218.873      -46.7846       1.04223            1.39479
-218.173      -47.0581       0.87525            1.39479
-217.473      -47.3034       0.834859            1.39479
-216.773      -47.5261       0.898449            1.39479
-216.073      -47.7065       0.986916            1.39479
-215.373      -47.9881       1.15344            1.39479
-214.673      -48.2706       1.63802            1.39479
-213.973      -48.1256       2.48582            1.39479
-213.273      -47.2631       3.08987            1.39479
-212.573      -46.0756       2.94531            1.39479
-211.873      -45.4617       1.97121            1.39479
-211.173      -45.6046       1.18801            1.39479
-210.473      -45.9102       0.777766            1.39479
-209.773      -46.1896       0.566052            1.39479
-209.073      -46.4217       0.457075            1.39479
-208.373      -46.5964       0.400408            1.39479
-207.673      -46.7364       0.340269            1.39479
-206.973      -46.8851       0.287219            1.39479
-206.273      -47.0338       0.258197            1.39479
-205.573      -47.1761       0.249716            1.39479
-204.873      -47.3094       0.262147            1.39479
-204.173      -47.4187       0.293413            1.39479
-203.473      -47.5011       0.304635            1.39479
-202.773      -47.6144       0.297989            1.39479
-202.073      -47.7574       0.326064            1.39479
-201.373      -47.9028       0.416092            1.39479
-200.673      -47.985       0.60078            1.39479
-199.973      -47.8454       0.776456            1.39479
-199.273      -47.6634       0.64809            1.39479
-198.573      -47.7187       0.449373            1.39479
-197.873      -47.8644       0.344652            1.39479
-197.173      -48.0143       0.301715            1.39479
-196.473      -48.1527       0.28018            1.39479
-195.773      -48.2961       0.26461            1.39479
-195.073      -48.4482       0.261593            1.39479
-194.373      -48.6066       0.269993            1.39479
-193.673      -48.7734       0.288433            1.39479
-192.973      -48.9523       0.318336            1.39479
-192.273      -49.1472       0.364855            1.39479
-191.573      -49.3605       0.439922            1.39479
-190.873      -49.5808       0.566162            1.39479
-190.173      -49.754       0.746307            1.39479
-189.473      -49.87       0.89615            1.39479
-188.773      -49.998       1.00845            1.39479
-188.073      -50.1639       1.12468            1.39479
-187.373      -50.302       1.21438            1.39479
-186.673      -50.5979       1.21394            1.39479
-185.973      -51.1059       1.36511            1.39479
-185.273      -51.7055       1.79922            1.39479
-184.573      -52.1899       2.63118            1.39479
-183.873      -52.1779       3.59657            1.39479
-183.173      -52.1365       4.29164            1.39479
-182.473      -52.1113       5.30239            1.39479
-181.773      -51.7193       6.57624            1.39479
-181.073      -50.5987       8.09665            1.39479
-180.373      -47.9809       8.71392            1.39479
-179.673      -46.3138       7.00661            1.39479
-178.973      -46.6043       6.10197            1.39479
-178.273      -46.1174       6.65172            1.39479
-177.573      -44.2902       5.88506            1.39479
-176.873      -43.9315       3.93976            1.39479
-176.173      -44.5767       2.68283            1.39479
-175.473      -45.3382       2.09484            1.39479
-174.773      -45.9522       1.88936            1.39479
-174.073      -46.3235       1.83005            1.39479
-173.373      -46.636       1.73865            1.39479
-172.673      -46.8506       1.77845            1.39479
-171.973      -46.8583       1.6258            1.39479
-171.273      -47.1184       1.28129            1.39479
-170.573      -47.5818       1.09885            1.39479
-169.873      -48.0813       1.10253            1.39479
-169.173      -48.5467       1.28548            1.39479
-168.473      -48.8799       1.6225            1.39479
-167.773      -49.0013       2.0802            1.39479
-167.073      -48.6385       2.35125            1.39479
-166.373      -48.4672       1.93054            1.39479
-165.673      -48.8818       1.56325            1.39479
-164.973      -49.4826       1.50314            1.39479
-164.273      -50.1015       1.64192            1.39479
-163.573      -50.8221       1.91394            1.39479
-162.873      -51.7269       2.51029            1.39479
-162.173      -52.7255       3.76343            1.39479
-161.473      -53.255       6.25648            1.39479
-160.773      -51.1648       9.68282            1.39479
-160.073      -46.4839       9.45248            1.39479
-159.373      -45.0343       6.4175            1.39479
-158.673      -45.6576       4.78679            1.39479
-157.973      -46.2307       4.2781            1.39479
-157.273      -46.5794       4.05187            1.39479
-156.573      -46.8808       4.21031            1.39479
-155.873      -46.3087       4.56354            1.39479
-155.173      -45.5415       3.68086            1.39479
-154.473      -45.8857       2.59274            1.39479
-153.773      -46.6314       2.09419            1.39479
-153.073      -47.332       1.99422            1.39479
-152.373      -47.99       2.14503            1.39479
-151.673      -48.4959       2.69428            1.39479
-150.973      -48.3233       3.47813            1.39479
-150.273      -47.6738       3.53345            1.39479
-149.573      -47.4311       3.23193            1.39479
-148.873      -47.309       2.93804            1.39479
-148.173      -47.2648       2.41297            1.39479
-147.473      -47.6946       1.84482            1.39479
-146.773      -48.3756       1.60129            1.39479
-146.073      -49.1033       1.65603            1.39479
-145.373      -49.7943       2.02413            1.39479
-144.673      -50.2074       2.7301            1.39479
-143.973      -50.0756       3.39901            1.39479
-143.273      -49.7623       3.43861            1.39479
-142.573      -50.212       3.23901            1.39479
-141.873      -51.1611       3.82038            1.39479
-141.173      -51.744       5.66444            1.39479
-140.473      -50.0244       8.34232            1.39479
-139.773      -46.1232       7.84586            1.39479
-139.073      -44.9735       4.94803            1.39479
-138.373      -45.6557       3.07164            1.39479
-137.673      -46.6059       2.129            1.39479
-136.973      -47.4853       1.65035            1.39479
-136.273      -48.2761       1.40523            1.39479
-135.573      -49.0107       1.29381            1.39479
-134.873      -49.7242       1.27501            1.39479
-134.173      -50.4488       1.33904            1.39479
-133.473      -51.2165       1.50178            1.39479
-132.773      -52.0574       1.81631            1.39479
-132.073      -52.9788       2.41142            1.39479
-131.373      -53.8315       3.56318            1.39479
-130.673      -53.7927       5.46397            1.39479
-129.973      -51.9046       6.33266            1.39479
-129.273      -51.0302       4.90797            1.39479
-128.573      -51.9508       3.81895            1.39479
-127.873      -53.4265       3.62932            1.39479
-127.173      -55.0834       4.19493            1.39479
-126.473      -56.7334       5.69594            1.39479
-125.773      -57.576       8.38487            1.39479
-125.073      -56.4594       10.9954            1.39479
-124.373      -55.0378       11.8409            1.39479
-123.673      -54.6591       12.1671            1.39479
-122.973      -55.7267       13.6794            1.39479
-122.273      -55.0856       18.4836            1.39479
-121.573      -48.6378       21.8823            1.39479
-120.873      -42.4568       18.4627            1.39479
-120.173      -41.4536       13.5968            1.39479
-119.473      -42.649       11.0213            1.39479
-118.773      -44.1806       9.85323            1.39479
-118.073      -45.6952       10.3888            1.39479
-117.373      -45.2913       12.1774            1.39479
-116.673      -42.9113       12.0778            1.39479
-115.973      -41.8994       10.3794            1.39479
-115.273      -41.7884       8.71059            1.39479
-114.573      -42.4907       7.30148            1.39479
-113.873      -43.6418       6.5572            1.39479
-113.173      -44.7929       6.51438            1.39479
-112.473      -45.4989       6.92222            1.39479
-111.773      -46.1488       7.30052            1.39479
-111.073      -46.5383       8.37643            1.39479
-110.373      -46.0668       9.58667            1.39479
-109.673      -44.0491       10.2763            1.39479
-108.973      -42.4586       8.09681            1.39479
-108.273      -43.5466       5.9172            1.39479
-107.573      -45.5881       5.13614            1.39479
-106.873      -47.87       5.49094            1.39479
-106.173      -50.2912       7.1085            1.39479
-105.473      -52.3972       10.8497            1.39479
-104.773      -51.436       17.7604            1.39479
-104.073      -42.4446       22.2911            1.39479
-103.373      -34.9349       16.5135            1.39479
-102.673      -35.0185       10.5519            1.39479
-101.973      -37.1737       8.13087            1.39479
-101.273      -38.559       8.30756            1.39479
-100.573      -37.2941       8.83624            1.39479
-99.8732      -35.7961       6.61848            1.39479
-99.1732      -36.4206       4.22327            1.39479
-98.4732      -37.6407       2.8572            1.39479
-97.7732      -38.7806       2.10408            1.39479
-97.0732      -39.7546       1.65657            1.39479
-96.3732      -40.5887       1.37067            1.39479
-95.6732      -41.3174       1.17806            1.39479
-94.9732      -41.9684       1.04384            1.39479
-94.2732      -42.5624       0.948917            1.39479
-93.5732      -43.1152       0.88227            1.39479
-92.8732      -43.639       0.837404            1.39479
-92.1732      -44.1441       0.810589            1.39479
-91.4732      -44.6393       0.800012            1.39479
-90.7732      -45.133       0.805458            1.39479
-90.0732      -45.6337       0.828396            1.39479
-89.3732      -46.1507       0.872607            1.39479
-88.6732      -46.694       0.945788            1.39479
-87.9732      -47.2731       1.06281            1.39479
-87.2732      -47.8856       1.24539            1.39479
-86.5732      -48.5212       1.48484            1.39479
-85.8732      -49.2639       1.79129            1.39479
-85.1732      -50.1413       2.34919            1.39479
-84.4732      -50.9384       3.36936            1.39479
-84.3532      -51.0274       3.59301            1.39479
-84.2332      -51.0924       3.8237            1.39479
-84.1132      -51.1309       4.05508            1.39479
-83.9932      -51.1423       4.27932            1.39479
-83.8732      -51.1292       4.48784            1.39479
-83.7532      -51.0974       4.67255            1.39479
-83.6332      -51.0562       4.82744            1.39479
-83.5132      -51.0174       4.95008            1.39479
-83.3932      -50.9935       5.04264            1.39479
-83.2732      -50.9958       5.11194            1.39479
-83.1532      -51.0325       5.16837            1.39479
-83.0332      -51.1077       5.22427            1.39479
-82.9132      -51.2216       5.29208            1.39479
-82.7932      -51.3713       5.38316            1.39479
-82.6732      -51.5514       5.5072            1.39479
-82.5532      -51.7555       5.67221            1.39479
-82.4332      -51.9763       5.8849            1.39479
-82.3132      -52.2059       6.15108            1.39479
-82.1932      -52.4359       6.47612            1.39479
-82.0732      -52.6566       6.86505            1.39479
-81.9532      -52.8565       7.32256            1.39479
-81.8332      -53.022       7.85251            1.39479
-81.7132      -53.1362       8.45714            1.39479
-81.5932      -53.179       9.13565            1.39479
-81.4732      -53.1266       9.88235            1.39479
-81.3532      -52.9528       10.6843            1.39479
-81.2332      -52.6312       11.5185            1.39479
-81.1132      -52.139       12.3502            1.39479
-80.9932      -51.4631       13.1325            1.39479
-80.8732      -50.6067       13.8095            1.39479
-80.7532      -49.5953       14.3234            1.39479
-80.6332      -48.4777       14.6261            1.39479
-80.5132      -47.3208       14.6901            1.39479
-80.3932      -46.198       14.516            1.39479
-80.2732      -45.1754       14.132            1.39479
-80.1532      -44.3005       13.5867            1.39479
-80.0332      -43.5972       12.9368            1.39479
-79.9132      -43.0681       12.2372            1.39479
-79.7932      -42.6999       11.5332            1.39479
-79.6732      -42.4703       10.8586            1.39479
-79.5532      -42.3534       10.2362            1.39479
-79.4332      -42.3228       9.67935            1.39479
-79.3132      -42.3539       9.19444            1.39479
-79.1932      -42.4237       8.78235            1.39479
-79.0732      -42.5119       8.4394            1.39479
-78.9532      -42.6005       8.15777            1.39479
-78.8332      -42.675       7.92598            1.39479
-78.7132      -42.7254       7.72948            1.39479
-78.5932      -42.7468       7.55187            1.39479
-78.4732      -42.7402       7.37676            1.39479
-78.3532      -42.7127       7.19            1.39479
-78.2332      -42.6756       6.98189            1.39479
-78.1132      -42.6425       6.74842            1.39479
-77.9932      -42.6266       6.49151            1.39479
-77.8732      -42.6385       6.21787            1.39479
-77.7532      -42.6847       5.93722            1.39479
-77.6332      -42.7676       5.66022            1.39479
-77.5132      -42.8854       5.39678            1.39479
-77.3932      -43.0339       5.15501            1.39479
-77.2732      -43.2072       4.9408            1.39479
-77.1532      -43.3987       4.75801            1.39479
-77.0332      -43.6019       4.60879            1.39479
-76.9132      -43.8103       4.49402            1.39479
-76.7932      -44.0177       4.41368            1.39479
-76.6732      -44.2182       4.36697            1.39479
-76.5532      -44.4055       4.35235            1.39479
-76.4332      -44.5733       4.3673            1.39479
-76.3132      -44.7151       4.40793            1.39479
-76.1932      -44.8244       4.4685            1.39479
-76.0732      -44.8955       4.54091            1.39479
-75.9532      -44.9245       4.61454            1.39479
-75.8332      -44.9109       4.67663            1.39479
-75.7132      -44.8586       4.71358            1.39479
-75.5932      -44.7768       4.71314            1.39479
-75.4732      -44.6793       4.66693            1.39479
-75.3532      -44.5822       4.5724            1.39479
-75.2332      -44.5009       4.43335            1.39479
-75.1132      -44.4476       4.25871            1.39479
-74.9932      -44.4296       4.0602            1.39479
-74.8732      -44.4491       3.84983            1.39479
-74.7532      -44.5043       3.63801            1.39479
-74.6332      -44.5912       3.43268            1.39479
-74.5132      -44.7044       3.23914            1.39479
-74.3932      -44.8385       3.06044            1.39479
-74.2732      -44.9886       2.8979            1.39479
-74.1532      -45.1504       2.75166            1.39479
-74.0332      -45.3206       2.62109            1.39479
-73.9132      -45.4965       2.5052            1.39479
-73.7932      -45.6761       2.40276            1.39479
-73.6732      -45.8578       2.31253            1.39479
-73.5532      -46.0407       2.23328            1.39479
-73.4332      -46.224       2.16389            1.39479
-73.3132      -46.4072       2.10333            1.39479
-73.1932      -46.5899       2.05071            1.39479
-73.0732      -46.772       2.00521            1.39479
-72.9532      -46.9534       1.96615            1.39479
-72.8332      -47.134       1.93292            1.39479
-72.7132      -47.314       1.90502            1.39479
-72.5932      -47.4934       1.88201            1.39479
-72.4732      -47.6723       1.86352            1.39479
-72.3532      -47.8509       1.84925            1.39479
-72.2332      -48.0293       1.83892            1.39479
-72.1132      -48.2076       1.83236            1.39479
-71.9932      -48.386       1.82938            1.39479
-71.8732      -48.5646       1.82987            1.39479
-71.7532      -48.7436       1.83375            1.39479
-71.6332      -48.9231       1.84098            1.39479
-71.5132      -49.1032       1.85153            1.39479
-71.3932      -49.284       1.86544            1.39479
-71.2732      -49.4656       1.88273            1.39479
-71.1532      -49.648       1.90349            1.39479
-71.0332      -49.8312       1.92778            1.39479
-70.9132      -50.0151       1.95572            1.39479
-70.7932      -50.1995       1.98735            1.39479
-70.6732      -50.3842       2.02271            1.39479
-70.5532      -50.5688       2.06175            1.39479
-70.4332      -50.7531       2.10426            1.39479
-70.3132      -50.9365       2.14985            1.39479
-70.1932      -51.1186       2.19788            1.39479
-70.0732      -51.2993       2.24739            1.39479
-69.9532      -51.4785       2.2972            1.39479
-69.8332      -51.657       2.34599            1.39479
-69.7132      -51.8358       2.39255            1.39479
-69.5932      -52.0165       2.43606            1.39479
-69.4732      -52.2013       2.4763            1.39479
-69.3532      -52.3919       2.5138            1.39479
-69.2332      -52.5901       2.54964            1.39479
-69.1132      -52.7971       2.58529            1.39479
-68.9932      -53.0133       2.62229            1.39479
-68.8732      -53.2388       2.66204            1.39479
-68.7532      -53.4737       2.70568            1.39479
-68.6332      -53.7174       2.75408            1.39479
-68.5132      -53.9698       2.80787            1.39479
-68.3932      -54.2307       2.86748            1.39479
-68.2732      -54.4998       2.93325            1.39479
-68.1532      -54.7771       3.00544            1.39479
-68.0332      -55.0628       3.08428            1.39479
-67.9132      -55.357       3.17003            1.39479
-67.7932      -55.6599       3.26295            1.39479
-67.6732      -55.972       3.36335            1.39479
-67.5532      -56.2935       3.4716            1.39479
-67.4332      -56.6249       3.58813            1.39479
-67.3132      -56.9668       3.71341            1.39479
-67.1932      -57.3198       3.84801            1.39479
-67.0732      -57.6843       3.99256            1.39479
-66.9532      -58.0611       4.14778            1.39479
-66.8332      -58.4508       4.3145            1.39479
-66.7132      -58.8543       4.49362            1.39479
-66.5932      -59.2724       4.68619            1.39479
-66.4732      -59.7058       4.89337            1.39479
-66.3532      -60.1555       5.11646            1.39479
-66.2332      -60.6224       5.35693            1.39479
-66.1132      -61.1077       5.61644            1.39479
-65.9932      -61.6122       5.89684            1.39479
-65.8732      -62.1373       6.20025            1.39479
-65.7532      -62.6839       6.52904            1.39479
-65.6332      -63.2535       6.88589            1.39479
-65.5132      -63.8471       7.27384            1.39479
-65.3932      -64.4662       7.69638            1.39479
-65.2732      -65.112       8.15742            1.39479
-65.1532      -65.7859       8.66148            1.39479
-65.0332      -66.489       9.21369            1.39479
-64.9132      -67.2225       9.81993            1.39479
-64.7932      -67.9873       10.487            1.39479
-64.6732      -68.7843       11.2225            1.39479
-64.5532      -69.6138       12.0356            1.39479
-64.4332      -70.4755       12.9364            1.39479
-64.3132      -71.3686       13.9368            1.39479
-64.1932      -72.2909       15.0505            1.39479
-64.0732      -73.2389       16.2932            1.39479
-63.9532      -74.2071       17.6828            1.39479
-63.8332      -75.1871       19.2401            1.39479
-63.7132      -76.167       20.9883            1.39479
-63.5932      -77.1295       22.9536            1.39479
-63.4732      -78.0511       25.1649            1.39479
-63.3532      -78.8994       27.6532            1.39479
-63.2332      -79.6308       30.4505            1.39479
-63.1132      -80.1874       33.5874            1.39479
-62.9932      -80.4939       37.0895            1.39479
-62.8732      -80.4545       40.9715            1.39479
-62.7532      -79.9511       45.2284            1.39479
-62.6332      -78.8442       49.8235            1.39479
-62.5132      -76.9796       54.6738            1.39479
-62.3932      -74.2033       59.6344            1.39479
-62.2732      -70.3875       64.4875            1.39479
-62.1532      -65.4672       68.9431            1.39479
-62.0332      -59.4815       72.6607            1.39479
-61.9132      -52.6057       75.2971            1.39479
-61.7932      -45.1541       76.5741            1.39479
-61.6732      -37.5441       76.3463            1.39479
-61.5532      -30.2229       74.6398            1.39479
-61.4332      -23.5835       71.6453            1.39479
-61.3132      -17.9011       67.668            1.39479
-61.1932      -13.3084       63.0565            1.39479
-61.0732      -9.80958       58.1403            1.39479
-60.9532      -7.31682       53.1891            1.39479
-60.8332      -5.69105       48.3984            1.39479
-60.7132      -4.77602       43.8932            1.39479
-60.5932      -4.42081       39.7413            1.39479
-60.4732      -4.49194       35.9683            1.39479
-60.3532      -4.87795       32.5725            1.39479
-60.2332      -5.48933       29.5351            1.39479
-60.1132      -6.2563       26.8286            1.39479
-59.9932      -7.12554       24.4214            1.39479
-59.8732      -8.05708       22.2819            1.39479
-59.7532      -9.02137       20.3795            1.39479
-59.6332      -9.9969       18.6861            1.39479
-59.5132      -10.9682       17.1764            1.39479
-59.3932      -11.9246       15.8278            1.39479
-59.2732      -12.8585       14.6205            1.39479
-59.1532      -13.765       13.5372            1.39479
-59.0332      -14.6411       12.5629            1.39479
-58.9132      -15.4852       11.6844            1.39479
-58.7932      -16.2964       10.8903            1.39479
-58.6732      -17.0749       10.1709            1.39479
-58.5532      -17.8209       9.51747            1.39479
-58.4332      -18.5354       8.92261            1.39479
-58.3132      -19.2194       8.37982            1.39479
-58.1932      -19.8741       7.88346            1.39479
-58.0732      -20.5007       7.42855            1.39479
-57.9532      -21.1004       7.01078            1.39479
-57.8332      -21.6746       6.62633            1.39479
-57.7132      -22.2246       6.27185            1.39479
-57.5932      -22.7516       5.9444            1.39479
-57.4732      -23.2568       5.64136            1.39479
-57.3532      -23.7413       5.36043            1.39479
-57.2332      -24.2063       5.09954            1.39479
-57.1132      -24.6527       4.85688            1.39479
-56.9932      -25.0816       4.63083            1.39479
-56.8732      -25.494       4.41992            1.39479
-56.7532      -25.8906       4.22285            1.39479
-56.6332      -26.2723       4.03846            1.39479
-56.5132      -26.6399       3.86571            1.39479
-56.3932      -26.9941       3.70363            1.39479
-56.2732      -27.3357       3.55139            1.39479
-56.1532      -27.6652       3.40821            1.39479
-56.0332      -27.9832       3.27339            1.39479
-55.9132      -28.2905       3.1463            1.39479
-55.7932      -28.5873       3.02637            1.39479
-55.6732      -28.8744       2.91307            1.39479
-55.5532      -29.1522       2.80593            1.39479
-55.4332      -29.421       2.70451            1.39479
-55.3132      -29.6814       2.60841            1.39479
-55.1932      -29.9337       2.51727            1.39479
-55.0732      -30.1783       2.43076            1.39479
-54.9532      -30.4155       2.34856            1.39479
-54.8332      -30.6458       2.2704            1.39479
-54.7132      -30.8693       2.19602            1.39479
-54.5932      -31.0864       2.12518            1.39479
-54.4732      -31.2974       2.05765            1.39479
-54.3532      -31.5025       1.99323            1.39479
-54.3532       0       0


-49.7967       0       0
-49.7967      -36.5778       0.765116            1.39479
-49.6767      -36.6668       0.749477            1.39479
-49.5567      -36.7544       0.734274            1.39479
-49.4367      -36.8405       0.719491            1.39479
-49.3167      -36.9253       0.705113            1.39479
-49.1967      -37.0088       0.691124            1.39479
-49.0767      -37.0909       0.677511            1.39479
-48.9567      -37.1719       0.664258            1.39479
-48.8367      -37.2516       0.651353            1.39479
-48.7167      -37.3302       0.638784            1.39479
-48.5967      -37.4076       0.626538            1.39479
-48.4767      -37.4838       0.614604            1.39479
-48.3567      -37.559       0.602971            1.39479
-48.2367      -37.6332       0.591628            1.39479
-48.1167      -37.7062       0.580567            1.39479
-47.9967      -37.7783       0.569776            1.39479
-47.8767      -37.8494       0.559246            1.39479
-47.7567      -37.9196       0.54897            1.39479
-47.6367      -37.9888       0.538938            1.39479
-47.5167      -38.0571       0.529142            1.39479
-47.3967      -38.1245       0.519575            1.39479
-47.2767      -38.191       0.510229            1.39479
-47.1567      -38.2567       0.501097            1.39479
-47.0367      -38.3216       0.492172            1.39479
-46.9167      -38.3857       0.483448            1.39479
-46.7967      -38.449       0.474917            1.39479
-46.6767      -38.5115       0.466575            1.39479
-46.5567      -38.5732       0.458414            1.39479
-46.4367      -38.6343       0.450431            1.39479
-46.3167      -38.6946       0.442618            1.39479
-46.1967      -38.7542       0.434971            1.39479
-46.0767      -38.8132       0.427486            1.39479
-45.9567      -38.8714       0.420156            1.39479
-45.8367      -38.929       0.412977            1.39479
-45.7167      -38.986       0.405946            1.39479
-45.5967      -39.0424       0.399057            1.39479
-45.4767      -39.0981       0.392306            1.39479
-45.3567      -39.1533       0.38569            1.39479
-45.2367      -39.2079       0.379204            1.39479
-45.1167      -39.2619       0.372845            1.39479
-44.9967      -39.3153       0.36661            1.39479
-44.8767      -39.3682       0.360493            1.39479
-44.7567      -39.4206       0.354494            1.39479
-44.6367      -39.4725       0.348607            1.39479
-44.5167      -39.5238       0.34283            1.39479
-44.3967      -39.5746       0.33716            1.39479
-44.2767      -39.625       0.331594            1.39479
-44.1567      -39.6748       0.326129            1.39479
-44.0367      -39.7242       0.320762            1.39479
-43.9167      -39.7732       0.315491            1.39479
-43.7967      -39.8217       0.310314            1.39479
-43.6767      -39.8697       0.305227            1.39479
-43.5567      -39.9173       0.300228            1.39479
-43.4367      -39.9645       0.295315            1.39479
-43.3167      -40.0113       0.290486            1.39479
-43.1967      -40.0577       0.285739            1.39479
-43.0767      -40.1037       0.281071            1.39479
-42.9567      -40.1493       0.27648            1.39479
-42.8367      -40.1945       0.271964            1.39479
-42.7167      -40.2393       0.267523            1.39479
-42.5967      -40.2838       0.263152            1.39479
-42.4767      -40.3279       0.258852            1.39479
-42.3567      -40.3717       0.254619            1.39479
-42.2367      -40.4151       0.250453            1.39479
-42.1167      -40.4582       0.246351            1.39479
-41.9967      -40.5009       0.242313            1.39479
-41.8767      -40.5433       0.238336            1.39479
-41.7567      -40.5854       0.234419            1.39479
-41.6367      -40.6272       0.230561            1.39479
-41.5167      -40.6687       0.22676            1.39479
-41.3967      -40.7099       0.223014            1.39479
-41.2767      -40.7508       0.219323            1.39479
-41.1567      -40.7914       0.215685            1.39479
-41.0367      -40.8317       0.212099            1.39479
-40.9167      -40.8718       0.208563            1.39479
-40.7967      -40.9115       0.205077            1.39479
-40.6767      -40.951       0.201639            1.39479
-40.5567      -40.9903       0.198248            1.39479
-40.4367      -41.0293       0.194903            1.39479
-40.3167      -41.068       0.191603            1.39479
-40.1967      -41.1065       0.188346            1.39479
-40.0767      -41.1447       0.185133            1.39479
-39.9567      -41.1827       0.181961            1.39479
-39.8367      -41.2205       0.17883            1.39479
-39.7167      -41.2581       0.175739            1.39479
-39.5967      -41.2954       0.172687            1.39479
-39.4767      -41.3325       0.169674            1.39479
-39.3567      -41.3694       0.166697            1.39479
-39.2367      -41.406       0.163757            1.39479
-39.1167      -41.4425       0.160852            1.39479
-38.9967      -41.4788       0.157982            1.39479
-38.8767      -41.5148       0.155146            1.39479
-38.7567      -41.5507       0.152343            1.39479
-38.6367      -41.5864       0.149572            1.39479
-38.5167      -41.6219       0.146834            1.39479
-38.3967      -41.6572       0.144126            1.39479
-38.2767      -41.6923       0.141448            1.39479
-38.1567      -41.7272       0.1388            1.39479
-38.0367      -41.762       0.136181            1.39479
-37.9167      -41.7966       0.13359            1.39479
-37.7967      -41.831       0.131027            1.39479
-37.6767      -41.8653       0.128491            1.39479
-37.5567      -41.8994       0.125982            1.39479
-37.4367      -41.9333       0.123498            1.39479
-37.3167      -41.9671       0.121039            1.39479
-37.1967      -42.0008       0.118605            1.39479
-37.0767      -42.0343       0.116195            1.39479
-36.9567      -42.0676       0.113809            1.39479
-36.8367      -42.1008       0.111446            1.39479
-36.7167      -42.1339       0.109105            1.39479
-36.5967      -42.1668       0.106786            1.39479
-36.4767      -42.1996       0.104489            1.39479
-36.3567      -42.2323       0.102213            1.39479
-36.2367      -42.2648       0.0999573            1.39479
-36.1167      -42.2972       0.0977218            1.39479
-35.9967      -42.3295       0.0955059            1.39479
-35.8767      -42.3617       0.0933092            1.39479
-35.7567      -42.3937       0.0911313            1.39479
-35.6367      -42.4256       0.0889716            1.39479
-35.5167      -42.4574       0.0868299            1.39479
-35.3967      -42.4891       0.0847056            1.39479
-35.2767      -42.5207       0.0825984            1.39479
-35.1567      -42.5522       0.0805079            1.39479
-35.0367      -42.5836       0.0784337            1.39479
-34.9167      -42.6149       0.0763753            1.39479
-34.7967      -42.6461       0.0743325            1.39479
-34.6767      -42.6772       0.0723048            1.39479
-34.5567      -42.7082       0.070292            1.39479
-34.4367      -42.7391       0.0682935            1.39479
-34.3167      -42.7699       0.0663092            1.39479
-34.1967      -42.8006       0.0643386            1.39479
-34.0767      -42.8313       0.0623814            1.39479
-33.9567      -42.8618       0.0604372            1.39479
-33.8367      -42.8923       0.0585058            1.39479
-33.7167      -42.9227       0.0565869            1.39479
-33.5967      -42.953       0.05468            1.39479
-33.4767      -42.9832       0.0527849            1.39479
-33.3567      -43.0134       0.0509014            1.39479
-33.2367      -43.0435       0.049029            1.39479
-33.1167      -43.0735       0.0471675            1.39479
-32.9967      -43.1035       0.0453167            1.39479
-32.8767      -43.1334       0.0434761            1.39479
-32.7567      -43.1632       0.0416456            1.39479
-32.6367      -43.193       0.0398248            1.39479
-32.5167      -43.2227       0.0380135            1.39479
-32.3967      -43.2523       0.0362114            1.39479
-32.2767      -43.2819       0.0344183            1.39479
-32.1567      -43.3115       0.0326339            1.39479
-32.0367      -43.3409       0.0308578            1.39479
-31.9167      -43.3704       0.02909            1.39479
-31.7967      -43.3998       0.02733            1.39479
-31.6767      -43.4291       0.0255777            1.39479
-31.5567      -43.4584       0.0238328            1.39479
-31.4367      -43.4876       0.0220951            1.39479
-31.3167      -43.5168       0.0203643            1.39479
-31.1967      -43.546       0.0186402            1.39479
-31.0767      -43.5751       0.0169225            1.39479
-30.9567      -43.6042       0.0152111            1.39479
-30.8367      -43.6333       0.0135057            1.39479
-30.7167      -43.6623       0.011806            1.39479
-30.5967      -43.6913       0.0101119            1.39479
-30.4767      -43.7202       0.00842308            1.39479
-30.3567      -43.7491       0.00673936            1.39479
-30.2367      -43.778       0.00506052            1.39479
-30.1167      -43.8069       0.00338633            1.39479
-29.9967      -43.8357       0.00171659            1.39479
-29.8767      -43.8646       5.10769e-05            1.39479
-29.7567      -43.8934       -0.00161042            1.39479
-29.6367      -43.9221       -0.0032681            1.39479
-29.5167      -43.9509       -0.00492219            1.39479
-29.3967      -43.9796       -0.00657288            1.39479
-29.2767      -44.0084       -0.00822038            1.39479
-29.1567      -44.0371       -0.0098649            1.39479
-29.0367      -44.0658       -0.0115066            1.39479
-28.9167      -44.0945       -0.0131458            1.39479
-28.7967      -44.1232       -0.0147826            1.39479
-28.6767      -44.1519       -0.0164172            1.39479
-28.5567      -44.1805       -0.0180498            1.39479
-28.4367      -44.2092       -0.0196806            1.39479
-28.3167      -44.2379       -0.0213098            1.39479
-28.1967      -44.2665       -0.0229376            1.39479
-28.0767      -44.2952       -0.0245643            1.39479
-27.9567      -44.3238       -0.0261899            1.39479
-27.8367      -44.3525       -0.0278147            1.39479
-27.7167      -44.3812       -0.0294389            1.39479
-27.5967      -44.4099       -0.0310626            1.39479
-27.4767      -44.4385       -0.0326861            1.39479
-27.3567      -44.4672       -0.0343096            1.39479
-27.2367      -44.4959       -0.0359332            1.39479
-27.1167      -44.5247       -0.0375571            1.39479
-26.9967      -44.5534       -0.0391816            1.39479
-26.8767      -44.5821       -0.0408068            1.39479
-26.7567      -44.6109       -0.0424328            1.39479
-26.6367      -44.6397       -0.04406            1.39479
-26.5167      -44.6685       -0.0456885            1.39479
-26.3967      -44.6973       -0.0473184            1.39479
-26.2767      -44.7261       -0.04895            1.39479
-26.1567      -44.755       -0.0505834            1.39479
-26.0367      -44.7839       -0.0522189            1.39479
-25.9167      -44.8128       -0.0538566            1.39479
-25.7967      -44.8417       -0.0554968            1.39479
-25.6767      -44.8707       -0.0571395            1.39479
-25.5567      -44.8997       -0.0587851            1.39479
-25.4367      -44.9288       -0.0604337            1.39479
-25.3167      -44.9578       -0.0620855            1.39479
-25.1967      -44.9869       -0.0637406            1.39479
-25.0767      -45.0161       -0.0653994            1.39479
-24.9567      -45.0453       -0.0670619            1.39479
-24.8367      -45.0745       -0.0687284            1.39479
-24.7167      -45.1038       -0.0703991            1.39479
-24.5967      -45.1331       -0.0720742            1.39479
-24.4767      -45.1624       -0.0737539            1.39479
-24.3567      -45.1918       -0.0754383            1.39479
-24.2367      -45.2213       -0.0771277            1.39479
-24.1167      -45.2508       -0.0788223            1.39479
-23.9967      -45.2803       -0.0805223            1.39479
-23.8767      -45.3099       -0.0822279            1.39479
-23.7567      -45.3396       -0.0839393            1.39479
-23.6367      -45.3693       -0.0856567            1.39479
-23.5167      -45.3991       -0.0873804            1.39479
-23.3967      -45.4289       -0.0891104            1.39479
-23.2767      -45.4588       -0.0908472            1.39479
-23.1567      -45.4887       -0.0925908            1.39479
-23.0367      -45.5187       -0.0943415            1.39479
-22.9167      -45.5488       -0.0960995            1.39479
-22.7967      -45.579       -0.097865            1.39479
-22.6767      -45.6092       -0.0996383            1.39479
-22.5567      -45.6395       -0.10142            1.39479
-22.4367      -45.6698       -0.103209            1.39479
-22.3167      -45.7003       -0.105007            1.39479
-22.1967      -45.7308       -0.106814            1.39479
-22.0767      -45.7614       -0.108629            1.39479
-21.9567      -45.792       -0.110454            1.39479
-21.8367      -45.8228       -0.112288            1.39479
-21.7167      -45.8536       -0.114132            1.39479
-21.5967      -45.8845       -0.115985            1.39479
-21.4767      -45.9155       -0.117849            1.39479
-21.3567      -45.9466       -0.119723            1.39479
-21.2367      -45.9778       -0.121608            1.39479
-21.1167      -46.0091       -0.123504            1.39479
-20.9967      -46.0404       -0.125411            1.39479
-20.8767      -46.0719       -0.127329            1.39479
-20.7567      -46.1035       -0.129259            1.39479
-20.6367      -46.1351       -0.131202            1.39479
-20.5167      -46.1669       -0.133156            1.39479
-20.3967      -46.1987       -0.135123            1.39479
-20.2767      -46.2307       -0.137103            1.39479
-20.1567      -46.2628       -0.139096            1.39479
-20.0367      -46.295       -0.141102            1.39479
-19.9167      -46.3273       -0.143122            1.39479
-19.7967      -46.3597       -0.145157            1.39479
-19.6767      -46.3922       -0.147205            1.39479
-19.5567      -46.4248       -0.149268            1.39479
-19.4367      -46.4576       -0.151347            1.39479
-19.3167      -46.4905       -0.15344            1.39479
-19.1967      -46.5235       -0.155549            1.39479
-19.0767      -46.5566       -0.157675            1.39479
-18.3767      -46.7526       -0.170409            1.39479
-17.6767      -46.9534       -0.183771            1.39479
-16.9767      -47.1595       -0.197843            1.39479
-16.2767      -47.3715       -0.212713            1.39479
-15.5767      -47.59       -0.228482            1.39479
-14.8767      -47.8157       -0.245264            1.39479
-14.1767      -48.0492       -0.26319            1.39479
-13.4767      -48.2913       -0.282407            1.39479
-12.7767      -48.5429       -0.303085            1.39479
-12.0767      -48.8049       -0.325423            1.39479
-11.3767      -49.0785       -0.349649            1.39479
-10.6767      -49.3649       -0.376033            1.39479
-9.97675      -49.6655       -0.40489            1.39479
-9.27675      -49.9818       -0.436596            1.39479
-8.57675      -50.3156       -0.471601            1.39479
-7.87675      -50.669       -0.510444            1.39479
-7.17675      -51.0444       -0.553781            1.39479
-6.47675      -51.4447       -0.602416            1.39479
-5.77675      -51.873       -0.657343            1.39479
-5.07675      -52.3334       -0.719803            1.39479
-4.37675      -52.8304       -0.791367            1.39479
-3.67675      -53.3697       -0.874045            1.39479
-2.97675      -53.9582       -0.970448            1.39479
-2.27675      -54.6042       -1.08402            1.39479
-1.57675      -55.3182       -1.21938            1.39479
-0.876747      -56.1136       -1.38287            1.39479
-0.176747      -57.0072       -1.58334            1.39479
0.523253      -58.0215       -1.83353            1.39479
1.22325      -59.1858       -2.1523            1.39479
1.92325      -60.54       -2.56849            1.39479
2.62325      -62.1392       -3.12815            1.39479
3.32325      -64.0607       -3.9082            1.39479
4.02325      -66.4143       -5.04464            1.39479
4.72325      -69.352       -6.79418            1.39479
5.42325      -73.0583       -9.67877            1.39479
6.12325      -77.601       -14.8372            1.39479
6.82325      -82.0119       -24.7645            1.39479
7.52325      -80.0462       -42.8146            1.39479
8.22325      -57.4719       -57.8339            1.39479
8.92325      -34.0901       -44.7421            1.39479
9.62325      -32.0973       -27.31            1.39479
10.3233      -37.6014       -18.3152            1.39479
11.0233      -43.981       -14.8016            1.39479
11.7233      -50.2444       -14.6576            1.39479
12.4233      -56.4984       -17.5516            1.39479
13.1233      -62.5162       -25.0815            1.39479
13.8233      -63.8823       -40.8523            1.39479
14.5233      -46.0507       -59.1703            1.39479
15.2233      -17.9567       -50.656            1.39479
15.9233      -11.5671       -30.2578            1.39479
16.6233      -15.6532       -18.0432            1.39479
17.3233      -20.8285       -11.8364            1.39479
18.0233      -25.3035       -8.55495            1.39479
18.7233      -29.0417       -6.75368            1.39479
19.4233      -32.2539       -5.81712            1.39479
20.1233      -35.1187       -5.52393            1.39479
20.8233      -37.6565       -5.86105            1.39479
21.5233      -39.68       -6.62939            1.39479
22.2233      -41.6716       -7.58038            1.39479
22.9233      -43.566       -9.76557            1.39479
23.6233      -43.4459       -12.9244            1.39479
24.3233      -41.9065       -14.2431            1.39479
25.0233      -41.4253       -15.1933            1.39479
25.7233      -40.2982       -17.0754            1.39479
26.4233      -37.2167       -18.7431            1.39479
27.1233      -32.3057       -17.1662            1.39479
27.8233      -30.9561       -12.3039            1.39479
28.5233      -32.7293       -9.15349            1.39479
29.2233      -35.0061       -8.0137            1.39479
29.9233      -36.9258       -8.34012            1.39479
30.6233      -37.599       -9.71947            1.39479
31.3233      -36.5942       -10.448            1.39479
32.0233      -35.752       -9.69182            1.39479
32.7233      -35.7144       -8.7243            1.39479
33.4233      -36.1207       -7.85933            1.39479
34.1233      -36.8534       -7.10885            1.39479
34.8233      -38.2565       -6.8138            1.39479
35.5233      -39.6516       -7.72292            1.39479
36.2233      -40.2038       -9.58222            1.39479
36.9233      -38.6283       -12.0296            1.39479
37.6233      -35.1428       -11.505            1.39479
38.3233      -33.8315       -8.80211            1.39479
39.0233      -34.5329       -6.35692            1.39479
39.7233      -36.2706       -5.11534            1.39479
40.4233      -38.1562       -5.13501            1.39479
41.1233      -39.561       -6.4951            1.39479
41.8233      -38.8744       -8.8028            1.39479
42.5233      -36.0691       -8.51419            1.39479
43.2233      -35.6214       -6.12798            1.39479
43.9233      -36.7427       -4.93551            1.39479
44.6233      -37.527       -4.81717            1.39479
45.3233      -37.7588       -4.361            1.39479
46.0233      -38.6666       -3.69099            1.39479
46.7233      -39.99       -3.70338            1.39479
47.4233      -41.1413       -4.62853            1.39479
48.1233      -41.0315       -6.3492            1.39479
48.8233      -39.2297       -6.57885            1.39479
49.5233      -38.8707       -5.11551            1.39479
50.2233      -39.6748       -4.54666            1.39479
50.9233      -39.866       -4.76555            1.39479
51.6233      -39.5163       -4.11293            1.39479
52.3233      -40.1133       -3.04828            1.39479
53.0233      -41.1992       -2.4679            1.39479
53.7233      -42.3617       -2.26635            1.39479
54.4233      -43.5459       -2.3187            1.39479
55.1233      -44.7721       -2.61963            1.39479
55.8233      -46.0203       -3.28241            1.39479
56.5233      -47.0048       -4.47645            1.39479
57.2233      -47.1772       -5.8144            1.39479
57.9233      -46.8128       -6.32397            1.39479
58.6233      -47.3807       -6.08992            1.39479
59.3233      -48.846       -6.74516            1.39479
60.0233      -49.9482       -8.58365            1.39479
60.7233      -49.8864       -11.1238            1.39479
61.4233      -47.7438       -12.8101            1.39479
62.1233      -46.1643       -11.7899            1.39479
62.8233      -46.8559       -10.5144            1.39479
63.5233      -48.8094       -10.5628            1.39479
64.2233      -50.8664       -12.1947            1.39479
64.9233      -52.1662       -15.4109            1.39479
65.6233      -51.3238       -19.2441            1.39479
66.3233      -49.1413       -21.7783            1.39479
67.0233      -46.8244       -23.2449            1.39479
67.7233      -45.5593       -23.9259            1.39479
68.4233      -44.9461       -26.4278            1.39479
69.1233      -42.3203       -30.4193            1.39479
69.8233      -35.1516       -34.9364            1.39479
70.5233      -23.7702       -30.8081            1.39479
71.2233      -21.1029       -21.2827            1.39479
71.9233      -22.9545       -15.6427            1.39479
72.6233      -25.4465       -12.0685            1.39479
73.3233      -28.8909       -10.4133            1.39479
74.0233      -32.176       -11.4174            1.39479
74.7233      -33.0316       -15.2269            1.39479
75.4233      -28.597       -17.7102            1.39479
76.1233      -24.8238       -14.9605            1.39479
76.8233      -23.3921       -11.7939            1.39479
77.5233      -23.3675       -8.17752            1.39479
78.2233      -24.8861       -5.47193            1.39479
78.9233      -26.6673       -3.91044            1.39479
79.6233      -28.2918       -3.01481            1.39479
80.3233      -29.7105       -2.49144            1.39479
81.0233      -30.964       -2.19017            1.39479
81.7233      -32.098       -2.04986            1.39479
82.4233      -33.1281       -2.05212            1.39479
83.1233      -34.061       -2.16613            1.39479
83.8233      -34.8992       -2.43567            1.39479
84.5233      -35.4669       -2.76842            1.39479
85.2233      -35.9734       -2.85456            1.39479
85.9233      -36.7875       -2.95948            1.39479
86.6233      -37.7119       -3.49877            1.39479
87.3233      -38.3209       -4.38386            1.39479
88.0233      -38.6357       -5.4493            1.39479
88.7233      -38.1565       -6.5869            1.39479
89.4233      -37.3591       -6.58822            1.39479
90.1233      -37.6322       -6.24136            1.39479
90.8233      -38.432       -6.67315            1.39479
91.5233      -39.0238       -8.06981            1.39479
92.2233      -38.2873       -10.2272            1.39479
92.9233      -35.84       -11.1845            1.39479
93.6233      -33.9413       -10.3144            1.39479
94.3233      -33.1767       -9.17168            1.39479
95.0233      -32.9611       -8.47166            1.39479
95.7233      -32.7278       -8.17383            1.39479
96.4233      -31.8101       -7.8345            1.39479
97.1233      -31.2446       -6.43369            1.39479
97.8233      -31.6494       -5.3283            1.39479
98.5233      -32.052       -4.74604            1.39479
99.2233      -32.3655       -4.26936            1.39479
99.9233      -32.6888       -3.71099            1.39479
100.623      -33.3897       -3.28634            1.39479
101.323      -34.085       -3.42969            1.39479
102.023      -34.2885       -3.9122            1.39479
102.723      -33.7779       -4.1008            1.39479
103.423      -33.4095       -3.4592            1.39479
104.123      -33.6962       -2.67265            1.39479
104.823      -34.4107       -2.28067            1.39479
105.523      -35.0861       -2.4147            1.39479
106.223      -35.2758       -2.79972            1.39479
106.923      -35.232       -2.82196            1.39479
107.623      -35.3058       -2.91099            1.39479
108.323      -34.9678       -2.83244            1.39479
109.023      -34.9776       -2.16426            1.39479
109.723      -35.5259       -1.70268            1.39479
110.423      -36.1993       -1.60543            1.39479
111.123      -36.835       -1.85001            1.39479
111.823      -37.1655       -2.49618            1.39479
112.523      -36.6346       -3.03811            1.39479
113.223      -36.0971       -2.4766            1.39479
113.923      -36.4177       -1.79859            1.39479
114.623      -37.0344       -1.50335            1.39479
115.323      -37.675       -1.48431            1.39479
116.023      -38.2772       -1.64101            1.39479
116.723      -38.8459       -1.96878            1.39479
117.423      -39.2746       -2.43386            1.39479
118.123      -39.645       -2.94426            1.39479
118.823      -39.9491       -3.65432            1.39479
119.523      -39.9632       -4.5188            1.39479
120.223      -39.6785       -5.34511            1.39479
120.923      -39.0189       -6.13909            1.39479
121.623      -37.9964       -6.32907            1.39479
122.323      -37.3801       -6.10418            1.39479
123.023      -36.8491       -5.94659            1.39479
123.723      -36.3308       -5.41908            1.39479
124.423      -36.361       -4.76929            1.39479
125.123      -36.6777       -4.42827            1.39479
125.823      -37.0503       -4.33943            1.39479
126.523      -37.4229       -4.59014            1.39479
127.223      -37.3702       -5.10212            1.39479
127.923      -36.921       -5.24314            1.39479
128.623      -36.7211       -5.03023            1.39479
129.323      -36.7021       -4.80111            1.39479
130.023      -37.0423       -4.60231            1.39479
130.723      -37.5836       -4.78639            1.39479
131.423      -38.2407       -5.49455            1.39479
132.123      -38.5783       -7.26668            1.39479
132.823      -36.6576       -9.91587            1.39479
133.523      -32.4882       -9.39021            1.39479
134.223      -30.9767       -6.39949            1.39479
134.923      -31.3102       -4.24666            1.39479
135.623      -32.1267       -2.96658            1.39479
136.323      -33.0065       -2.35141            1.39479
137.023      -33.6571       -2.2087            1.39479
137.723      -33.907       -2.24219            1.39479
138.423      -33.8205       -1.98232            1.39479
139.123      -34.0231       -1.42489            1.39479
139.823      -34.461       -1.04139            1.39479
140.523      -34.9066       -0.826998            1.39479
141.223      -35.3125       -0.702691            1.39479
141.923      -35.6821       -0.627474            1.39479
142.623      -36.0258       -0.582506            1.39479
143.323      -36.3535       -0.559106            1.39479
144.023      -36.6739       -0.553773            1.39479
144.723      -36.9953       -0.566425            1.39479
145.423      -37.3266       -0.600347            1.39479
146.123      -37.6777       -0.66375            1.39479
146.823      -38.0598       -0.77421            1.39479
147.523      -38.4799       -0.969237            1.39479
148.223      -38.9093       -1.32144            1.39479
148.923      -39.1953       -1.86785            1.39479
149.623      -39.2732       -2.41175            1.39479
150.323      -39.1934       -2.99117            1.39479
151.023      -38.9785       -3.3424            1.39479
151.723      -38.8479       -3.85699            1.39479
152.423      -38.1874       -4.24684            1.39479
153.123      -37.6746       -4.05353            1.39479
153.823      -37.5514       -3.79086            1.39479
154.523      -37.7219       -3.76541            1.39479
155.223      -37.7461       -4.09835            1.39479
155.923      -37.5355       -4.45025            1.39479
156.623      -37.0502       -4.89034            1.39479
157.323      -36.0634       -4.8353            1.39479
158.023      -35.5465       -4.12288            1.39479
158.723      -35.5266       -3.514            1.39479
159.423      -35.7694       -3.133            1.39479
160.123      -36.0458       -3.11444            1.39479
160.823      -36.0961       -3.41803            1.39479
161.523      -35.5073       -3.67479            1.39479
162.223      -34.8013       -3.16468            1.39479
162.923      -34.6288       -2.31431            1.39479
163.623      -34.9429       -1.6139            1.39479
164.323      -35.3953       -1.2397            1.39479
165.023      -35.8087       -1.04552            1.39479
165.723      -36.2138       -0.946895            1.39479
166.423      -36.6067       -0.968575            1.39479
167.123      -36.9446       -1.08961            1.39479
167.823      -37.2637       -1.29769            1.39479
168.523      -37.5031       -1.74127            1.39479
169.223      -37.2818       -2.34568            1.39479
169.923      -36.6713       -2.42325            1.39479
170.623      -36.3725       -2.23556            1.39479
171.323      -36.0119       -1.94555            1.39479
172.023      -35.9648       -1.38127            1.39479
172.723      -36.2096       -0.984394            1.39479
173.423      -36.5061       -0.748651            1.39479
174.123      -36.8145       -0.613425            1.39479
174.823      -37.1149       -0.550205            1.39479
175.523      -37.4081       -0.535172            1.39479
176.223      -37.705       -0.560577            1.39479
176.923      -38.0189       -0.633432            1.39479
177.623      -38.3607       -0.780091            1.39479
178.323      -38.7205       -1.06056            1.39479
179.023      -38.9962       -1.55238            1.39479
179.723      -38.997       -2.17233            1.39479
180.423      -38.697       -2.75274            1.39479
181.123      -38.0067       -2.99534            1.39479
181.823      -37.6499       -2.57267            1.39479
182.523      -37.9528       -2.40946            1.39479
183.223      -38.1677       -2.90139            1.39479
183.923      -37.6366       -3.49008            1.39479
184.623      -36.8684       -3.36709            1.39479
185.323      -36.5309       -2.95428            1.39479
186.023      -36.4453       -2.61518            1.39479
186.723      -36.3776       -2.44521            1.39479
187.423      -36.2768       -2.13337            1.39479
188.123      -36.4027       -1.81166            1.39479
188.823      -36.6769       -1.6508            1.39479
189.523      -36.9599       -1.68449            1.39479
190.223      -37.2336       -1.93962            1.39479
190.923      -37.2281       -2.54535            1.39479
191.623      -36.4241       -3.07198            1.39479
192.323      -35.5038       -2.53927            1.39479
193.023      -35.3386       -1.78491            1.39479
193.723      -35.4887       -1.25419            1.39479
194.423      -35.7262       -0.960384            1.39479
195.123      -35.8878       -0.799058            1.39479
195.823      -36.0019       -0.619282            1.39479
196.523      -36.1681       -0.449597            1.39479
197.223      -36.3474       -0.341663            1.39479
197.923      -36.5086       -0.275225            1.39479
198.623      -36.6494       -0.231316            1.39479
199.323      -36.7732       -0.200284            1.39479
200.023      -36.8838       -0.177224            1.39479
200.723      -36.9838       -0.15945            1.39479
201.423      -37.0752       -0.145373            1.39479
202.123      -37.1598       -0.133998            1.39479
202.823      -37.2386       -0.124668            1.39479
203.523      -37.3126       -0.116936            1.39479
204.223      -37.3827       -0.110489            1.39479
204.923      -37.4494       -0.105105            1.39479
205.623      -37.5133       -0.100623            1.39479
206.323      -37.5749       -0.0969328            1.39479
207.023      -37.6345       -0.0939612            1.39479
207.723      -37.6926       -0.0916669            1.39479
208.423      -37.7495       -0.0900406            1.39479
209.123      -37.8057       -0.0891063            1.39479
209.823      -37.8614       -0.0889297            1.39479
210.523      -37.9171       -0.0896339            1.39479
211.223      -37.9734       -0.0914287            1.39479
211.923      -38.0308       -0.0946699            1.39479
212.623      -38.0902       -0.09998            1.39479
213.323      -38.1523       -0.108515            1.39479
214.023      -38.2182       -0.122572            1.39479
214.723      -38.2871       -0.146675            1.39479
215.423      -38.351       -0.185199            1.39479
216.123      -38.401       -0.221369            1.39479
216.823      -38.4719       -0.249843            1.39479
217.523      -38.5718       -0.316939            1.39479
218.223      -38.6666       -0.470075            1.39479
218.923      -38.6301       -0.739278            1.39479
219.623      -38.3043       -0.866409            1.39479
220.323      -38.1046       -0.633978            1.39479
221.023      -38.1699       -0.433617            1.39479
221.723      -38.3058       -0.354431            1.39479
222.423      -38.4456       -0.355416            1.39479
223.123      -38.583       -0.412895            1.39479
223.823      -38.7232       -0.559461            1.39479
224.523      -38.7658       -0.867388            1.39479
225.223      -38.444       -1.17446            1.39479
225.923      -38.0466       -0.990481            1.39479
226.623      -38.0492       -0.709442            1.39479
227.323      -38.1998       -0.642638            1.39479
228.023      -38.2815       -0.789496            1.39479
228.723      -38.0554       -0.980711            1.39479
229.423      -37.7298       -0.784977            1.39479
230.123      -37.7114       -0.480964            1.39479
230.823      -37.8131       -0.303917            1.39479
231.523      -37.9188       -0.21031            1.39479
232.223      -38.0091       -0.157189            1.39479
232.923      -38.0847       -0.124421            1.39479
233.623      -38.1491       -0.102741            1.39479
234.323      -38.205       -0.0875693            1.39479
235.023      -38.2544       -0.0764662            1.39479
235.723      -38.2988       -0.0680428            1.39479
236.423      -38.3392       -0.0614611            1.39479
237.123      -38.3764       -0.0561911            1.39479
237.823      -38.411       -0.0518835            1.39479
238.523      -38.4434       -0.0482999            1.39479
239.223      -38.474       -0.0452732            1.39479
239.923      -38.503       -0.0426826            1.39479
240.623      -38.5306       -0.0404396            1.39479
241.323      -38.557       -0.0384773            1.39479
242.023      -38.5823       -0.0367449            1.39479
242.723      -38.6067       -0.0352029            1.39479
243.423      -38.6302       -0.0338202            1.39479
244.123      -38.653       -0.0325721            1.39479
244.823      -38.675       -0.0314387            1.39479
245.523      -38.6964       -0.0304038            1.39479
246.223      -38.7173       -0.0294541            1.39479
246.923      -38.7376       -0.0285786            1.39479
247.623      -38.7574       -0.0277681            1.39479
248.323      -38.7767       -0.0270149            1.39479
249.023      -38.7956       -0.0263125            1.39479
249.723      -38.8141       -0.0256552            1.39479
250.423      -38.8322       -0.0250384            1.39479
251.123      -38.85       -0.024458            1.39479
251.823      -38.8674       -0.0239103            1.39479
252.523      -38.8845       -0.0233922            1.39479
253.223      -38.9012       -0.0229011            1.39479
253.923      -38.9177       -0.0224347            1.39479
254.623      -38.9339       -0.0219907            1.39479
255.323      -38.9499       -0.0215673            1.39479
256.023      -38.9656       -0.021163            1.39479
256.723      -38.981       -0.0207762            1.39479
257.423      -38.9963       -0.0204056            1.39479
258.123      -39.0112       -0.02005            1.39479
258.823      -39.026       -0.0197084            1.39479
259.523      -39.0406       -0.0193799            1.39479
260.223      -39.055       -0.0190635            1.39479
260.923      -39.0691       -0.0187585            1.39479
261.623      -39.0831       -0.0184642            1.39479
262.323      -39.0969       -0.0181798            1.39479
263.023      -39.1106       -0.0179049            1.39479
263.723      -39.124       -0.0176389            1.39479
264.423      -39.1373       -0.0173812            1.39479
265.123      -39.1505       -0.0171315            1.39479
265.823      -39.1635       -0.0168892            1.39479
266.523      -39.1763       -0.0166541            1.39479
267.223      -39.189       -0.0164256            1.39479
