#
#
#   Lonertzian-smoothed self-energy (both particle and hole)
#
#   k = 2.41585 fm^-1 (group = 13)     and E_F = -52.0162 MeV
#
#   Sigma^{infty} = 54.1455 MeV
#
#
#    E               Re \Sig(k,E)       Im \Sig(k,E)             k 

-287.96      52.8967       -0.000914243            2.41585
-287.26      52.893       -0.000875981            2.41585
-286.56      52.8892       -0.000835145            2.41585
-285.86      52.8854       -0.000791449            2.41585
-285.16      52.8816       -0.000744559            2.41585
-284.46      52.8777       -0.00069408            2.41585
-283.76      52.8737       -0.000639546            2.41585
-283.06      52.8697       -0.000580398            2.41585
-282.36      52.8656       -0.000515959            2.41585
-281.66      52.8615       -0.000445408            2.41585
-280.96      52.8573       -0.000367731            2.41585
-280.26      52.8531       -0.000281671            2.41585
-279.56      52.8488       -0.000185639            2.41585
-278.86      52.8444       -7.76154e-05            2.41585
-278.16      52.8399       4.50202e-05            2.41585
-277.46      52.8353       0.000185713            2.41585
-276.76      52.8306       0.000349081            2.41585
-276.06      52.8258       0.000541444            2.41585
-275.36      52.8209       0.000771666            2.41585
-274.66      52.8158       0.00105253            2.41585
-273.96      52.8105       0.00140308            2.41585
-273.26      52.805       0.00185287            2.41585
-272.56      52.7992       0.00244992            2.41585
-271.86      52.7931       0.00327696            2.41585
-271.16      52.7864       0.00448663            2.41585
-270.46      52.7792       0.00638341            2.41585
-269.76      52.7714       0.00961638            2.41585
-269.06      52.7637       0.015487            2.41585
-268.36      52.7596       0.0246272            2.41585
-267.66      52.7617       0.0293206            2.41585
-266.96      52.7578       0.0279798            2.41585
-266.26      52.7474       0.0333044            2.41585
-265.56      52.7404       0.0511016            2.41585
-264.86      52.7565       0.0754611            2.41585
-264.16      52.7901       0.0677462            2.41585
-263.46      52.7966       0.0405521            2.41585
-262.76      52.7875       0.0235284            2.41585
-262.06      52.7764       0.0148333            2.41585
-261.36      52.7662       0.0101873            2.41585
-260.66      52.7569       0.00751228            2.41585
-259.96      52.7485       0.00587142            2.41585
-259.26      52.7406       0.00481664            2.41585
-258.56      52.7331       0.00411708            2.41585
-257.86      52.7258       0.00364547            2.41585
-257.16      52.7187       0.00332753            2.41585
-256.46      52.7117       0.00311773            2.41585
-255.76      52.7048       0.00298707            2.41585
-255.06      52.6979       0.00291649            2.41585
-254.36      52.6909       0.0028931            2.41585
-253.66      52.684       0.00290808            2.41585
-252.96      52.677       0.00295528            2.41585
-252.26      52.67       0.00303043            2.41585
-251.56      52.6628       0.00313058            2.41585
-250.86      52.6556       0.00325377            2.41585
-250.16      52.6483       0.00339879            2.41585
-249.46      52.6409       0.00356502            2.41585
-248.76      52.6333       0.00375234            2.41585
-248.06      52.6256       0.00396106            2.41585
-247.36      52.6177       0.00419186            2.41585
-246.66      52.6097       0.00444582            2.41585
-245.96      52.6015       0.00472441            2.41585
-245.26      52.593       0.00502949            2.41585
-244.56      52.5844       0.00536338            2.41585
-243.86      52.5756       0.00572892            2.41585
-243.16      52.5665       0.00612956            2.41585
-242.46      52.5571       0.00656947            2.41585
-241.76      52.5474       0.00705373            2.41585
-241.06      52.5374       0.00758854            2.41585
-240.36      52.5271       0.00818156            2.41585
-239.66      52.5164       0.00884233            2.41585
-238.96      52.5052       0.00958291            2.41585
-238.26      52.4936       0.0104188            2.41585
-237.56      52.4814       0.0113706            2.41585
-236.86      52.4686       0.0124656            2.41585
-236.16      52.4552       0.0137426            2.41585
-235.46      52.4409       0.0152574            2.41585
-234.76      52.4257       0.0170964            2.41585
-234.06      52.4094       0.0194013            2.41585
-233.36      52.3918       0.0224162            2.41585
-232.66      52.3728       0.0264894            2.41585
-231.96      52.3523       0.0317584            2.41585
-231.26      52.3292       0.0391319            2.41585
-230.56      52.3036       0.0517286            2.41585
-229.86      52.2803       0.0737253            2.41585
-229.16      52.2726       0.0993562            2.41585
-228.46      52.2687       0.103674            2.41585
-227.76      52.2425       0.107927            2.41585
-227.06      52.2114       0.131143            2.41585
-226.36      52.1926       0.17547            2.41585
-225.66      52.2199       0.214247            2.41585
-224.96      52.242       0.189827            2.41585
-224.26      52.2108       0.160145            2.41585
-223.56      52.1526       0.156486            2.41585
-222.86      52.0847       0.182249            2.41585
-222.16      52.0163       0.245061            2.41585
-221.46      51.9835       0.352053            2.41585
-220.76      52.0115       0.438567            2.41585
-220.06      52.018       0.507571            2.41585
-219.36      52.0699       0.619977            2.41585
-218.66      52.2067       0.667028            2.41585
-217.96      52.2992       0.604907            2.41585
-217.26      52.3139       0.547168            2.41585
-216.56      52.3117       0.508225            2.41585
-215.86      52.2798       0.46117            2.41585
-215.16      52.1903       0.448691            2.41585
-214.46      52.0891       0.531336            2.41585
-213.76      52.0821       0.677057            2.41585
-213.06      52.1162       0.778825            2.41585
-212.36      52.1988       0.946772            2.41585
-211.66      52.4672       0.978979            2.41585
-210.96      52.5733       0.791173            2.41585
-210.26      52.4819       0.684715            2.41585
-209.56      52.3488       0.770855            2.41585
-208.86      52.3958       1.0377            2.41585
-208.16      52.7518       1.18396            2.41585
-207.46      53.1283       0.963887            2.41585
-206.76      53.1922       0.599215            2.41585
-206.06      53.0855       0.372265            2.41585
-205.36      52.9627       0.25542            2.41585
-204.66      52.857       0.195569            2.41585
-203.96      52.7734       0.165535            2.41585
-203.26      52.7085       0.142655            2.41585
-202.56      52.6448       0.122401            2.41585
-201.86      52.582       0.111906            2.41585
-201.16      52.5209       0.109237            2.41585
-200.46      52.4591       0.117222            2.41585
-199.76      52.3992       0.143489            2.41585
-199.06      52.3592       0.198944            2.41585
-198.36      52.3861       0.253768            2.41585
-197.66      52.4265       0.219283            2.41585
-196.96      52.3944       0.166821            2.41585
-196.26      52.3353       0.150396            2.41585
-195.56      52.2823       0.162071            2.41585
-194.86      52.2426       0.185945            2.41585
-194.16      52.2294       0.222822            2.41585
-193.46      52.2526       0.215259            2.41585
-192.76      52.2284       0.16511            2.41585
-192.06      52.1666       0.135103            2.41585
-191.36      52.0955       0.125719            2.41585
-190.66      52.0207       0.129259            2.41585
-189.96      51.941       0.143628            2.41585
-189.26      51.8558       0.171448            2.41585
-188.56      51.7712       0.216401            2.41585
-187.86      51.6921       0.26433            2.41585
-187.16      51.5865       0.316308            2.41585
-186.46      51.4518       0.419352            2.41585
-185.76      51.3357       0.620027            2.41585
-185.06      51.3767       0.87794            2.41585
-184.36      51.495       0.950178            2.41585
-183.66      51.464       1.00528            2.41585
-182.96      51.4242       1.125            2.41585
-182.26      51.3512       1.34177            2.41585
-181.56      51.4592       1.71098            2.41585
-180.86      51.8057       1.92175            2.41585
-180.16      52.1817       1.89667            2.41585
-179.46      52.3365       1.61508            2.41585
-178.76      52.1139       1.5014            2.41585
-178.06      51.8935       1.84139            2.41585
-177.36      52.214       2.44259            2.41585
-176.66      52.9987       2.46235            2.41585
-175.96      53.3615       2.08382            2.41585
-175.26      53.5507       1.78839            2.41585
-174.56      53.6175       1.51096            2.41585
-173.86      53.6747       1.34119            2.41585
-173.16      53.8065       1.09679            2.41585
-172.46      53.7763       0.751404            2.41585
-171.76      53.6169       0.524502            2.41585
-171.06      53.4714       0.396366            2.41585
-170.36      53.3413       0.297166            2.41585
-169.66      53.2129       0.229453            2.41585
-168.96      53.0966       0.187728            2.41585
-168.26      52.9928       0.161758            2.41585
-167.56      52.8988       0.146141            2.41585
-166.86      52.8125       0.138716            2.41585
-166.16      52.7346       0.136769            2.41585
-165.46      52.6607       0.134245            2.41585
-164.76      52.5839       0.134657            2.41585
-164.06      52.5042       0.140345            2.41585
-163.36      52.4188       0.153817            2.41585
-162.66      52.3267       0.1799            2.41585
-161.96      52.2256       0.227302            2.41585
-161.26      52.1243       0.317881            2.41585
-160.56      52.0753       0.465331            2.41585
-159.86      52.1294       0.575812            2.41585
-159.16      52.1579       0.581222            2.41585
-158.46      52.0967       0.617707            2.41585
-157.76      52.0727       0.739773            2.41585
-157.06      52.1453       0.838671            2.41585
-156.36      52.2102       0.833989            2.41585
-155.66      52.1883       0.819247            2.41585
-154.96      52.1133       0.859704            2.41585
-154.26      52.0495       1.01608            2.41585
-153.56      52.1366       1.19216            2.41585
-152.86      52.2435       1.28065            2.41585
-152.16      52.3587       1.30654            2.41585
-151.46      52.2981       1.34361            2.41585
-150.76      52.3017       1.72861            2.41585
-150.06      52.8958       2.09586            2.41585
-149.36      53.5867       1.75479            2.41585
-148.66      53.7327       1.17709            2.41585
-147.96      53.589       0.846749            2.41585
-147.26      53.4801       0.735074            2.41585
-146.56      53.4926       0.618242            2.41585
-145.86      53.4439       0.428576            2.41585
-145.16      53.3242       0.298111            2.41585
-144.46      53.2062       0.232683            2.41585
-143.76      53.1171       0.204317            2.41585
-143.06      53.0589       0.176122            2.41585
-142.36      52.9998       0.137191            2.41585
-141.66      52.9338       0.106898            2.41585
-140.96      52.8705       0.0875612            2.41585
-140.26      52.8126       0.0747679            2.41585
-139.56      52.7594       0.0657953            2.41585
-138.86      52.7099       0.059266            2.41585
-138.16      52.6633       0.0544465            2.41585
-137.46      52.6187       0.0509192            2.41585
-136.76      52.5757       0.0484385            2.41585
-136.06      52.5336       0.0468648            2.41585
-135.36      52.4921       0.0461348            2.41585
-134.66      52.4506       0.0462519            2.41585
-133.96      52.4088       0.0472942            2.41585
-133.26      52.3661       0.0494447            2.41585
-132.56      52.3219       0.0530658            2.41585
-131.86      52.2757       0.0588744            2.41585
-131.16      52.2268       0.0683482            2.41585
-130.46      52.1761       0.0843331            2.41585
-129.76      52.1295       0.108335            2.41585
-129.06      52.0895       0.130066            2.41585
-128.36      52.0465       0.153154            2.41585
-127.66      52.0119       0.170264            2.41585
-126.96      51.9541       0.171081            2.41585
-126.26      51.8649       0.191354            2.41585
-125.56      51.7585       0.24794            2.41585
-124.86      51.6523       0.360266            2.41585
-124.16      51.601       0.532172            2.41585
-123.46      51.6295       0.68894            2.41585
-122.76      51.6784       0.798114            2.41585
-122.06      51.6984       0.893247            2.41585
-121.36      51.7273       1.08285            2.41585
-120.66      51.9675       1.228            2.41585
-119.96      52.119       1.15579            2.41585
-119.26      52.1815       1.15532            2.41585
-118.56      52.2543       1.12602            2.41585
-117.86      52.2246       1.14242            2.41585
-117.16      52.2776       1.35455            2.41585
-116.46      52.6369       1.4675            2.41585
-115.76      52.9313       1.28426            2.41585
-115.06      53.0958       1.07147            2.41585
-114.36      53.1862       0.8054            2.41585
-113.66      53.1517       0.543758            2.41585
-112.96      53.0362       0.357654            2.41585
-112.26      52.9089       0.250757            2.41585
-111.56      52.7971       0.188089            2.41585
-110.86      52.6998       0.150718            2.41585
-110.16      52.6167       0.129789            2.41585
-109.46      52.5487       0.118            2.41585
-108.76      52.491       0.102658            2.41585
-108.06      52.4294       0.08663            2.41585
-107.36      52.3663       0.0772478            2.41585
-106.66      52.3039       0.0733516            2.41585
-105.96      52.2416       0.0736663            2.41585
-105.26      52.1779       0.0779998            2.41585
-104.56      52.1107       0.0870437            2.41585
-103.86      52.0378       0.102505            2.41585
-103.16      51.9559       0.12774            2.41585
-102.46      51.8608       0.169296            2.41585
-101.76      51.7475       0.240607            2.41585
-101.06      51.6131       0.371025            2.41585
-100.36      51.4788       0.6257            2.41585
-99.6599      51.4939       1.10572            2.41585
-98.9599      52.0715       1.58593            2.41585
-98.2599      52.819       1.2786            2.41585
-97.5599      52.9533       0.734184            2.41585
-96.8599      52.8381       0.420621            2.41585
-96.1599      52.7025       0.260144            2.41585
-95.4599      52.5873       0.172715            2.41585
-94.7599      52.4931       0.121095            2.41585
-94.0599      52.4149       0.0884304            2.41585
-93.3599      52.3482       0.066586            2.41585
-92.6599      52.29       0.0513364            2.41585
-91.9599      52.238       0.0403427            2.41585
-91.2599      52.1905       0.0322417            2.41585
-90.5599      52.1463       0.0262082            2.41585
-89.8599      52.1047       0.0217342            2.41585
-89.1599      52.0647       0.0185123            2.41585
-88.4599      52.0259       0.0163752            2.41585
-87.7599      51.9877       0.0152693            2.41585
-87.0599      51.9495       0.0152536            2.41585
-86.3599      51.9108       0.0165269            2.41585
-85.6599      51.8708       0.0194974            2.41585
-84.9599      51.8287       0.0249315            2.41585
-84.2599      51.7833       0.0342446            2.41585
-84.1399      51.7751       0.0363954            2.41585
-84.0199      51.7668       0.0387524            2.41585
-83.8999      51.7583       0.041338            2.41585
-83.7799      51.7496       0.0441784            2.41585
-83.6599      51.7407       0.0473038            2.41585
-83.5399      51.7317       0.0507492            2.41585
-83.4199      51.7224       0.0545542            2.41585
-83.2999      51.713       0.0587644            2.41585
-83.1799      51.7034       0.0634319            2.41585
-83.0599      51.6935       0.068616            2.41585
-82.9399      51.6834       0.074385            2.41585
-82.8199      51.6732       0.080817            2.41585
-82.6999      51.6628       0.0880019            2.41585
-82.5799      51.6522       0.0960424            2.41585
-82.4599      51.6415       0.105056            2.41585
-82.3399      51.6307       0.115175            2.41585
-82.2199      51.62       0.126549            2.41585
-82.0999      51.6095       0.139343            2.41585
-81.9799      51.5992       0.153735            2.41585
-81.8599      51.5895       0.169907            2.41585
-81.7399      51.5807       0.188041            2.41585
-81.6199      51.5731       0.208293            2.41585
-81.4999      51.5672       0.230764            2.41585
-81.3799      51.5637       0.255465            2.41585
-81.2599      51.5632       0.282253            2.41585
-81.1399      51.5665       0.31077            2.41585
-81.0199      51.5745       0.340383            2.41585
-80.8999      51.5877       0.370143            2.41585
-80.7799      51.6065       0.398809            2.41585
-80.6599      51.6311       0.424937            2.41585
-80.5399      51.661       0.447042            2.41585
-80.4199      51.6952       0.463795            2.41585
-80.2999      51.7325       0.47417            2.41585
-80.1799      51.7714       0.477533            2.41585
-80.0599      51.8103       0.473666            2.41585
-79.9399      51.8474       0.462779            2.41585
-79.8199      51.8814       0.44552            2.41585
-79.6999      51.9108       0.422964            2.41585
-79.5799      51.9348       0.3965            2.41585
-79.4599      51.9529       0.367659            2.41585
-79.3399      51.9654       0.337907            2.41585
-79.2199      51.9726       0.308478            2.41585
-79.0999      51.9752       0.280295            2.41585
-78.9799      51.9741       0.253963            2.41585
-78.8599      51.9699       0.229813            2.41585
-78.7399      51.9636       0.20797            2.41585
-78.6199      51.9555       0.188417            2.41585
-78.4999      51.9462       0.171048            2.41585
-78.3799      51.9362       0.155712            2.41585
-78.2599      51.9256       0.14224            2.41585
-78.1399      51.9147       0.130462            2.41585
-78.0199      51.9037       0.120218            2.41585
-77.8999      51.8927       0.111364            2.41585
-77.7799      51.8818       0.103772            2.41585
-77.6599      51.8711       0.0973325            2.41585
-77.5399      51.8607       0.0919491            2.41585
-77.4199      51.8506       0.0875381            2.41585
-77.2999      51.841       0.0840208            2.41585
-77.1799      51.8318       0.0813172            2.41585
-77.0599      51.8233       0.0793368            2.41585
-76.9399      51.8155       0.0779677            2.41585
-76.8199      51.8084       0.077066            2.41585
-76.6999      51.8022       0.0764479            2.41585
-76.5799      51.797       0.07589            2.41585
-76.4599      51.7926       0.0751435            2.41585
-76.3399      51.7889       0.0739645            2.41585
-76.2199      51.7857       0.0721566            2.41585
-76.0999      51.7829       0.0696107            2.41585
-75.9799      51.78       0.0663272            2.41585
-75.8599      51.7768       0.0624078            2.41585
-75.7399      51.7732       0.0580214            2.41585
-75.6199      51.7691       0.0533604            2.41585
-75.4999      51.7645       0.0486036            2.41585
-75.3799      51.7594       0.0438944            2.41585
-75.2599      51.7539       0.039336            2.41585
-75.1399      51.748       0.0349953            2.41585
-75.0199      51.7418       0.0309118            2.41585
-74.8999      51.7354       0.027105            2.41585
-74.7799      51.7289       0.0235802            2.41585
-74.6599      51.7223       0.0203328            2.41585
-74.5399      51.7156       0.0173509            2.41585
-74.4199      51.7089       0.0146181            2.41585
-74.2999      51.7022       0.0121153            2.41585
-74.1799      51.6955       0.00982254            2.41585
-74.0599      51.6889       0.00771981            2.41585
-73.9399      51.6823       0.0057881            2.41585
-73.8199      51.6758       0.00400973            2.41585
-73.6999      51.6693       0.00236858            2.41585
-73.5799      51.6629       0.000850164            2.41585
-73.4599      51.6566       -0.000558428            2.41585
-73.3399      51.6503       -0.00186865            2.41585
-73.2199      51.6441       -0.00309061            2.41585
-73.0999      51.6379       -0.00423322            2.41585
-72.9799      51.6318       -0.00530436            2.41585
-72.8599      51.6258       -0.00631094            2.41585
-72.7399      51.6198       -0.00725909            2.41585
-72.6199      51.6139       -0.00815421            2.41585
-72.4999      51.608       -0.00900111            2.41585
-72.3799      51.6022       -0.00980403            2.41585
-72.2599      51.5964       -0.0105668            2.41585
-72.1399      51.5907       -0.0112927            2.41585
-72.0199      51.585       -0.0119848            2.41585
-71.8999      51.5793       -0.0126459            2.41585
-71.7799      51.5737       -0.0132783            2.41585
-71.6599      51.5681       -0.0138842            2.41585
-71.5399      51.5625       -0.0144656            2.41585
-71.4199      51.557       -0.0150244            2.41585
-71.2999      51.5515       -0.0155621            2.41585
-71.1799      51.5461       -0.0160802            2.41585
-71.0599      51.5406       -0.01658            2.41585
-70.9399      51.5352       -0.0170629            2.41585
-70.8199      51.5298       -0.0175298            2.41585
-70.6999      51.5245       -0.0179819            2.41585
-70.5799      51.5191       -0.01842            2.41585
-70.4599      51.5138       -0.0188451            2.41585
-70.3399      51.5085       -0.0192579            2.41585
-70.2199      51.5032       -0.0196592            2.41585
-70.0999      51.498       -0.0200497            2.41585
-69.9799      51.4927       -0.02043            2.41585
-69.8599      51.4875       -0.0208007            2.41585
-69.7399      51.4823       -0.0211623            2.41585
-69.6199      51.4771       -0.0215154            2.41585
-69.4999      51.4719       -0.0218603            2.41585
-69.3799      51.4667       -0.0221976            2.41585
-69.2599      51.4615       -0.0225277            2.41585
-69.1399      51.4564       -0.0228509            2.41585
-69.0199      51.4512       -0.0231677            2.41585
-68.8999      51.4461       -0.0234783            2.41585
-68.7799      51.441       -0.023783            2.41585
-68.6599      51.4358       -0.0240822            2.41585
-68.5399      51.4307       -0.0243761            2.41585
-68.4199      51.4256       -0.024665            2.41585
-68.2999      51.4205       -0.0249492            2.41585
-68.1799      51.4154       -0.0252288            2.41585
-68.0599      51.4103       -0.0255042            2.41585
-67.9399      51.4053       -0.0257754            2.41585
-67.8199      51.4002       -0.0260427            2.41585
-67.6999      51.3951       -0.0263064            2.41585
-67.5799      51.39       -0.0265665            2.41585
-67.4599      51.385       -0.0268232            2.41585
-67.3399      51.3799       -0.0270767            2.41585
-67.2199      51.3749       -0.0273272            2.41585
-67.0999      51.3698       -0.0275747            2.41585
-66.9799      51.3647       -0.0278195            2.41585
-66.8599      51.3597       -0.0280616            2.41585
-66.7399      51.3546       -0.0283011            2.41585
-66.6199      51.3496       -0.0285383            2.41585
-66.4999      51.3445       -0.0287731            2.41585
-66.3799      51.3395       -0.0290058            2.41585
-66.2599      51.3344       -0.0292364            2.41585
-66.1399      51.3294       -0.029465            2.41585
-66.0199      51.3243       -0.0296916            2.41585
-65.8999      51.3193       -0.0299165            2.41585
-65.7799      51.3142       -0.0301397            2.41585
-65.6599      51.3091       -0.0303612            2.41585
-65.5399      51.3041       -0.0305811            2.41585
-65.4199      51.299       -0.0307996            2.41585
-65.2999      51.2939       -0.0310166            2.41585
-65.1799      51.2889       -0.0312323            2.41585
-65.0599      51.2838       -0.0314467            2.41585
-64.9399      51.2787       -0.0316599            2.41585
-64.8199      51.2736       -0.0318719            2.41585
-64.6999      51.2686       -0.0320829            2.41585
-64.5799      51.2635       -0.0322928            2.41585
-64.4599      51.2584       -0.0325017            2.41585
-64.3399      51.2533       -0.0327097            2.41585
-64.2199      51.2482       -0.0329168            2.41585
-64.0999      51.2431       -0.0331231            2.41585
-63.9799      51.238       -0.0333286            2.41585
-63.8599      51.2329       -0.0335334            2.41585
-63.7399      51.2277       -0.0337375            2.41585
-63.6199      51.2226       -0.033941            2.41585
-63.4999      51.2175       -0.0341438            2.41585
-63.3799      51.2123       -0.0343462            2.41585
-63.2599      51.2072       -0.0345479            2.41585
-63.1399      51.202       -0.0347492            2.41585
-63.0199      51.1969       -0.0349501            2.41585
-62.8999      51.1917       -0.0351506            2.41585
-62.7799      51.1866       -0.0353506            2.41585
-62.6599      51.1814       -0.0355504            2.41585
-62.5399      51.1762       -0.0357498            2.41585
-62.4199      51.171       -0.035949            2.41585
-62.2999      51.1658       -0.036148            2.41585
-62.1799      51.1606       -0.0363467            2.41585
-62.0599      51.1554       -0.0365453            2.41585
-61.9399      51.1501       -0.0367437            2.41585
-61.8199      51.1449       -0.036942            2.41585
-61.6999      51.1397       -0.0371402            2.41585
-61.5799      51.1344       -0.0373383            2.41585
-61.4599      51.1292       -0.0375364            2.41585
-61.3399      51.1239       -0.0377345            2.41585
-61.2199      51.1186       -0.0379327            2.41585
-61.0999      51.1133       -0.0381308            2.41585
-60.9799      51.108       -0.0383291            2.41585
-60.8599      51.1027       -0.0385274            2.41585
-60.7399      51.0974       -0.0387258            2.41585
-60.6199      51.0921       -0.0389244            2.41585
-60.4999      51.0868       -0.0391231            2.41585
-60.3799      51.0814       -0.0393221            2.41585
-60.2599      51.0761       -0.0395212            2.41585
-60.1399      51.0707       -0.0397206            2.41585
-60.0199      51.0653       -0.0399202            2.41585
-59.8999      51.0599       -0.0401201            2.41585
-59.7799      51.0545       -0.0403203            2.41585
-59.6599      51.0491       -0.0405208            2.41585
-59.5399      51.0437       -0.0407217            2.41585
-59.4199      51.0383       -0.0409229            2.41585
-59.2999      51.0328       -0.0411245            2.41585
-59.1799      51.0274       -0.0413265            2.41585
-59.0599      51.0219       -0.0415289            2.41585
-58.9399      51.0164       -0.0417317            2.41585
-58.8199      51.0109       -0.041935            2.41585
-58.6999      51.0054       -0.0421388            2.41585
-58.5799      50.9999       -0.0423431            2.41585
-58.4599      50.9944       -0.0425479            2.41585
-58.3399      50.9888       -0.0427532            2.41585
-58.2199      50.9833       -0.0429591            2.41585
-58.0999      50.9777       -0.0431655            2.41585
-57.9799      50.9721       -0.0433725            2.41585
-57.8599      50.9665       -0.0435802            2.41585
-57.7399      50.9609       -0.0437884            2.41585
-57.6199      50.9553       -0.0439974            2.41585
-57.4999      50.9497       -0.0442069            2.41585
-57.3799      50.944       -0.0444172            2.41585
-57.2599      50.9383       -0.0446281            2.41585
-57.1399      50.9327       -0.0448398            2.41585
-57.0199      50.927       -0.0450522            2.41585
-56.8999      50.9213       -0.0452654            2.41585
-56.7799      50.9155       -0.0454793            2.41585
-56.6599      50.9098       -0.045694            2.41585
-56.5399      50.9041       -0.0459095            2.41585
-56.4199      50.8983       -0.0461259            2.41585
-56.2999      50.8925       -0.046343            2.41585
-56.1799      50.8867       -0.0465611            2.41585
-56.0599      50.8809       -0.04678            2.41585
-55.9399      50.8751       -0.0469998            2.41585
-55.8199      50.8692       -0.0472206            2.41585
-55.6999      50.8634       -0.0474422            2.41585
-55.5799      50.8575       -0.0476648            2.41585
-55.4599      50.8516       -0.0478884            2.41585
-55.3399      50.8457       -0.048113            2.41585
-55.2199      50.8398       -0.0483386            2.41585
-55.0999      50.8338       -0.0485652            2.41585
-54.9799      50.8279       -0.0487928            2.41585
-54.8599      50.8219       -0.0490215            2.41585
-54.7399      50.8159       -0.0492513            2.41585
-54.6199      50.8099       -0.0494822            2.41585
-54.4999      50.8038       -0.0497142            2.41585
-54.3799      50.7978       -0.0499473            2.41585
-54.2599      50.7917       -0.0501816            2.41585
-54.2599       0       0


-49.7967       0       0
-49.7967      50.5517       -0.0599151            2.41585
-49.6767      50.5448       -0.0602102            2.41585
-49.5567      50.5379       -0.0605074            2.41585
-49.4367      50.5309       -0.0608067            2.41585
-49.3167      50.5239       -0.0611082            2.41585
-49.1967      50.5169       -0.0614119            2.41585
-49.0767      50.5099       -0.0617178            2.41585
-48.9567      50.5029       -0.0620259            2.41585
-48.8367      50.4958       -0.0623364            2.41585
-48.7167      50.4887       -0.0626492            2.41585
-48.5967      50.4816       -0.0629644            2.41585
-48.4767      50.4744       -0.063282            2.41585
-48.3567      50.4672       -0.063602            2.41585
-48.2367      50.46       -0.0639245            2.41585
-48.1167      50.4527       -0.0642496            2.41585
-47.9967      50.4455       -0.0645772            2.41585
-47.8767      50.4382       -0.0649073            2.41585
-47.7567      50.4308       -0.0652402            2.41585
-47.6367      50.4235       -0.0655756            2.41585
-47.5167      50.4161       -0.0659139            2.41585
-47.3967      50.4086       -0.0662548            2.41585
-47.2767      50.4012       -0.0665986            2.41585
-47.1567      50.3937       -0.0669452            2.41585
-47.0367      50.3862       -0.0672947            2.41585
-46.9167      50.3786       -0.0676472            2.41585
-46.7967      50.371       -0.0680026            2.41585
-46.6767      50.3634       -0.0683611            2.41585
-46.5567      50.3558       -0.0687226            2.41585
-46.4367      50.3481       -0.0690873            2.41585
-46.3167      50.3404       -0.0694551            2.41585
-46.1967      50.3326       -0.0698262            2.41585
-46.0767      50.3249       -0.0702006            2.41585
-45.9567      50.317       -0.0705783            2.41585
-45.8367      50.3092       -0.0709594            2.41585
-45.7167      50.3013       -0.0713439            2.41585
-45.5967      50.2934       -0.0717319            2.41585
-45.4767      50.2854       -0.0721235            2.41585
-45.3567      50.2774       -0.0725188            2.41585
-45.2367      50.2694       -0.0729177            2.41585
-45.1167      50.2613       -0.0733203            2.41585
-44.9967      50.2532       -0.0737268            2.41585
-44.8767      50.2451       -0.0741371            2.41585
-44.7567      50.2369       -0.0745513            2.41585
-44.6367      50.2287       -0.0749696            2.41585
-44.5167      50.2204       -0.0753919            2.41585
-44.3967      50.2121       -0.0758184            2.41585
-44.2767      50.2038       -0.0762491            2.41585
-44.1567      50.1954       -0.0766841            2.41585
-44.0367      50.187       -0.0771234            2.41585
-43.9167      50.1785       -0.0775672            2.41585
-43.7967      50.17       -0.0780155            2.41585
-43.6767      50.1615       -0.0784684            2.41585
-43.5567      50.1529       -0.078926            2.41585
-43.4367      50.1443       -0.0793884            2.41585
-43.3167      50.1356       -0.0798556            2.41585
-43.1967      50.1269       -0.0803278            2.41585
-43.0767      50.1181       -0.080805            2.41585
-42.9567      50.1093       -0.0812874            2.41585
-42.8367      50.1005       -0.0817749            2.41585
-42.7167      50.0916       -0.0822678            2.41585
-42.5967      50.0826       -0.0827661            2.41585
-42.4767      50.0736       -0.08327            2.41585
-42.3567      50.0646       -0.0837795            2.41585
-42.2367      50.0555       -0.0842947            2.41585
-42.1167      50.0463       -0.0848158            2.41585
-41.9967      50.0372       -0.0853428            2.41585
-41.8767      50.0279       -0.0858759            2.41585
-41.7567      50.0186       -0.0864152            2.41585
-41.6367      50.0093       -0.0869609            2.41585
-41.5167      49.9999       -0.087513            2.41585
-41.3967      49.9905       -0.0880717            2.41585
-41.2767      49.981       -0.0886371            2.41585
-41.1567      49.9714       -0.0892093            2.41585
-41.0367      49.9618       -0.0897886            2.41585
-40.9167      49.9521       -0.090375            2.41585
-40.7967      49.9424       -0.0909687            2.41585
-40.6767      49.9326       -0.0915698            2.41585
-40.5567      49.9228       -0.0921785            2.41585
-40.4367      49.9129       -0.092795            2.41585
-40.3167      49.903       -0.0934194            2.41585
-40.1967      49.8929       -0.0940519            2.41585
-40.0767      49.8829       -0.0946926            2.41585
-39.9567      49.8727       -0.0953419            2.41585
-39.8367      49.8625       -0.0959997            2.41585
-39.7167      49.8523       -0.0966664            2.41585
-39.5967      49.842       -0.0973421            2.41585
-39.4767      49.8316       -0.0980271            2.41585
-39.3567      49.8211       -0.0987215            2.41585
-39.2367      49.8106       -0.0994255            2.41585
-39.1167      49.8       -0.100139            2.41585
-38.9967      49.7893       -0.100863            2.41585
-38.8767      49.7786       -0.101598            2.41585
-38.7567      49.7678       -0.102343            2.41585
-38.6367      49.7569       -0.103099            2.41585
-38.5167      49.746       -0.103866            2.41585
-38.3967      49.735       -0.104644            2.41585
-38.2767      49.7239       -0.105434            2.41585
-38.1567      49.7127       -0.106236            2.41585
-38.0367      49.7014       -0.10705            2.41585
-37.9167      49.6901       -0.107876            2.41585
-37.7967      49.6787       -0.108716            2.41585
-37.6767      49.6672       -0.109569            2.41585
-37.5567      49.6556       -0.110435            2.41585
-37.4367      49.644       -0.111315            2.41585
-37.3167      49.6322       -0.112209            2.41585
-37.1967      49.6204       -0.113118            2.41585
-37.0767      49.6085       -0.114042            2.41585
-36.9567      49.5965       -0.114981            2.41585
-36.8367      49.5844       -0.115936            2.41585
-36.7167      49.5722       -0.116907            2.41585
-36.5967      49.5599       -0.117895            2.41585
-36.4767      49.5475       -0.1189            2.41585
-36.3567      49.535       -0.119923            2.41585
-36.2367      49.5224       -0.120963            2.41585
-36.1167      49.5098       -0.122023            2.41585
-35.9967      49.497       -0.123101            2.41585
-35.8767      49.4841       -0.124199            2.41585
-35.7567      49.4711       -0.125318            2.41585
-35.6367      49.458       -0.126457            2.41585
-35.5167      49.4447       -0.127618            2.41585
-35.3967      49.4314       -0.128801            2.41585
-35.2767      49.418       -0.130006            2.41585
-35.1567      49.4044       -0.131235            2.41585
-35.0367      49.3907       -0.132489            2.41585
-34.9167      49.3769       -0.133767            2.41585
-34.7967      49.363       -0.135071            2.41585
-34.6767      49.3489       -0.136402            2.41585
-34.5567      49.3347       -0.13776            2.41585
-34.4367      49.3204       -0.139147            2.41585
-34.3167      49.3059       -0.140562            2.41585
-34.1967      49.2914       -0.142008            2.41585
-34.0767      49.2766       -0.143485            2.41585
-33.9567      49.2617       -0.144995            2.41585
-33.8367      49.2467       -0.146537            2.41585
-33.7167      49.2315       -0.148115            2.41585
-33.5967      49.2162       -0.149727            2.41585
-33.4767      49.2007       -0.151377            2.41585
-33.3567      49.1851       -0.153065            2.41585
-33.2367      49.1692       -0.154793            2.41585
-33.1167      49.1533       -0.156562            2.41585
-32.9967      49.1371       -0.158373            2.41585
-32.8767      49.1208       -0.160229            2.41585
-32.7567      49.1043       -0.16213            2.41585
-32.6367      49.0876       -0.164079            2.41585
-32.5167      49.0707       -0.166077            2.41585
-32.3967      49.0536       -0.168126            2.41585
-32.2767      49.0363       -0.170228            2.41585
-32.1567      49.0188       -0.172386            2.41585
-32.0367      49.0012       -0.174602            2.41585
-31.9167      48.9833       -0.176877            2.41585
-31.7967      48.9651       -0.179215            2.41585
-31.6767      48.9468       -0.181617            2.41585
-31.5567      48.9282       -0.184087            2.41585
-31.4367      48.9094       -0.186627            2.41585
-31.3167      48.8903       -0.189241            2.41585
-31.1967      48.871       -0.191932            2.41585
-31.0767      48.8514       -0.194703            2.41585
-30.9567      48.8315       -0.197557            2.41585
-30.8367      48.8114       -0.200498            2.41585
-30.7167      48.791       -0.203531            2.41585
-30.5967      48.7703       -0.20666            2.41585
-30.4767      48.7493       -0.209888            2.41585
-30.3567      48.728       -0.213221            2.41585
-30.2367      48.7064       -0.216663            2.41585
-30.1167      48.6844       -0.220221            2.41585
-29.9967      48.6621       -0.223899            2.41585
-29.8767      48.6394       -0.227705            2.41585
-29.7567      48.6164       -0.231643            2.41585
-29.6367      48.593       -0.235721            2.41585
-29.5167      48.5693       -0.239946            2.41585
-29.3967      48.5451       -0.244326            2.41585
-29.2767      48.5205       -0.248869            2.41585
-29.1567      48.4955       -0.253584            2.41585
-29.0367      48.47       -0.25848            2.41585
-28.9167      48.4441       -0.263568            2.41585
-28.7967      48.4176       -0.268858            2.41585
-28.6767      48.3907       -0.274362            2.41585
-28.5567      48.3633       -0.280092            2.41585
-28.4367      48.3354       -0.286061            2.41585
-28.3167      48.3068       -0.292285            2.41585
-28.1967      48.2778       -0.298778            2.41585
-28.0767      48.2481       -0.305557            2.41585
-27.9567      48.2177       -0.31264            2.41585
-27.8367      48.1868       -0.320047            2.41585
-27.7167      48.1551       -0.327798            2.41585
-27.5967      48.1228       -0.335915            2.41585
-27.4767      48.0897       -0.344425            2.41585
-27.3567      48.0558       -0.353353            2.41585
-27.2367      48.0211       -0.362728            2.41585
-27.1167      47.9856       -0.372581            2.41585
-26.9967      47.9492       -0.382948            2.41585
-26.8767      47.9119       -0.393865            2.41585
-26.7567      47.8736       -0.405374            2.41585
-26.6367      47.8343       -0.417519            2.41585
-26.5167      47.7939       -0.430349            2.41585
-26.3967      47.7524       -0.443917            2.41585
-26.2767      47.7098       -0.458284            2.41585
-26.1567      47.6659       -0.473514            2.41585
-26.0367      47.6208       -0.489678            2.41585
-25.9167      47.5742       -0.506856            2.41585
-25.7967      47.5263       -0.525136            2.41585
-25.6767      47.4768       -0.544614            2.41585
-25.5567      47.4258       -0.565399            2.41585
-25.4367      47.3731       -0.58761            2.41585
-25.3167      47.3186       -0.611382            2.41585
-25.1967      47.2622       -0.636863            2.41585
-25.0767      47.2039       -0.664221            2.41585
-24.9567      47.1436       -0.693644            2.41585
-24.8367      47.081       -0.725342            2.41585
-24.7167      47.0162       -0.759554            2.41585
-24.5967      46.949       -0.796548            2.41585
-24.4767      46.8791       -0.836627            2.41585
-24.3567      46.8067       -0.880137            2.41585
-24.2367      46.7314       -0.927469            2.41585
-24.1167      46.6531       -0.97907            2.41585
-23.9967      46.5718       -1.03545            2.41585
-23.8767      46.4873       -1.09719            2.41585
-23.7567      46.3995       -1.16496            2.41585
-23.6367      46.3084       -1.23952            2.41585
-23.5167      46.2138       -1.32177            2.41585
-23.3967      46.1158       -1.41271            2.41585
-23.2767      46.0145       -1.51352            2.41585
-23.1567      45.91       -1.62555            2.41585
-23.0367      45.8026       -1.75035            2.41585
-22.9167      45.693       -1.8897            2.41585
-22.7967      45.5818       -2.04565            2.41585
-22.6767      45.4702       -2.2205            2.41585
-22.5567      45.3599       -2.41687            2.41585
-22.4367      45.253       -2.63764            2.41585
-22.3167      45.1526       -2.88593            2.41585
-22.1967      45.0629       -3.16499            2.41585
-22.0767      44.9895       -3.478            2.41585
-21.9567      44.9395       -3.82773            2.41585
-21.8367      44.9224       -4.21598            2.41585
-21.7167      44.9495       -4.64278            2.41585
-21.5967      45.0348       -5.10523            2.41585
-21.4767      45.1935       -5.59604            2.41585
-21.3567      45.4417       -6.10197            2.41585
-21.2367      45.7933       -6.60252            2.41585
-21.1167      46.2566       -7.06966            2.41585
-20.9967      46.8303       -7.4695            2.41585
-20.8767      47.4998       -7.76657            2.41585
-20.7567      48.2359       -7.93046            2.41585
-20.6367      48.9981       -7.94285            2.41585
-20.5167      49.7406       -7.80244            2.41585
-20.3967      50.4214       -7.52528            2.41585
-20.2767      51.0095       -7.14048            2.41585
-20.1567      51.4883       -6.68321            2.41585
-20.0367      51.8545       -6.18791            2.41585
-19.9167      52.1156       -5.68363            2.41585
-19.7967      52.2848       -5.19198            2.41585
-19.6767      52.3779       -4.72719            2.41585
-19.5567      52.4105       -4.29731            2.41585
-19.4367      52.3967       -3.90577            2.41585
-19.3167      52.3484       -3.5529            2.41585
-19.1967      52.2752       -3.2371            2.41585
-19.0767      52.1845       -2.9557            2.41585
-18.3767      51.5327       -1.83758            2.41585
-17.6767      50.9149       -1.2599            2.41585
-16.9767      50.3999       -0.939998            2.41585
-16.2767      49.9697       -0.751356            2.41585
-15.5767      49.5999       -0.635522            2.41585
-14.8767      49.2709       -0.563764            2.41585
-14.1767      48.9685       -0.521434            2.41585
-13.4767      48.6815       -0.501513            2.41585
-12.7767      48.4014       -0.502375            2.41585
-12.0767      48.1215       -0.528444            2.41585
-11.3767      47.8417       -0.593965            2.41585
-10.6767      47.5904       -0.720536            2.41585
-9.97675      47.4377       -0.871037            2.41585
-9.27675      47.3473       -0.927673            2.41585
-8.57675      47.2107       -0.915454            2.41585
-7.87675      47.0144       -0.867869            2.41585
-7.17675      46.7124       -0.842327            2.41585
-6.47675      46.3571       -0.932957            2.41585
-5.77675      46.0695       -1.15917            2.41585
-5.07675      45.9623       -1.38628            2.41585
-4.37675      45.9613       -1.46288            2.41585
-3.67675      45.8767       -1.28634            2.41585
-2.97675      45.5226       -1.10135            2.41585
-2.27675      45.0682       -1.03263            2.41585
-1.57675      44.5693       -1.02499            2.41585
-0.876747      44.0171       -1.0659            2.41585
-0.176747      43.4116       -1.15395            2.41585
0.523253      42.7389       -1.28415            2.41585
1.22325      41.9776       -1.46632            2.41585
1.92325      41.1045       -1.7146            2.41585
2.62325      40.0811       -2.05323            2.41585
3.32325      38.8567       -2.53053            2.41585
4.02325      37.3628       -3.22815            2.41585
4.72325      35.5018       -4.29719            2.41585
5.42325      33.1481       -6.04048            2.41585
6.12325      30.2103       -9.10977            2.41585
6.82325      27.0457       -14.9555            2.41585
7.52325      26.5797       -26.0995            2.41585
8.22325      38.5448       -39.3383            2.41585
8.92325      58.1811       -34.7825            2.41585
9.62325      63.0444       -21.3058            2.41585
10.3233      60.1467       -13.4012            2.41585
11.0233      56.1222       -9.93869            2.41585
11.7233      52.2473       -9.06526            2.41585
12.4233      48.6913       -10.3912            2.41585
13.1233      46.4196       -14.5996            2.41585
13.8233      49.1165       -20.7237            2.41585
14.5233      56.0462       -21.9276            2.41585
15.2233      61.6414       -19.4989            2.41585
15.9233      64.9961       -13.7336            2.41585
16.6233      64.0147       -8.49656            2.41585
17.3233      61.8084       -5.60047            2.41585
18.0233      59.7388       -4.06712            2.41585
18.7233      57.9738       -3.22501            2.41585
19.4233      56.4623       -2.77534            2.41585
20.1233      55.1656       -2.57322            2.41585
20.8233      54.0089       -2.47535            2.41585
21.5233      52.8214       -2.51116            2.41585
22.2233      51.5999       -2.84289            2.41585
22.9233      50.4937       -3.64853            2.41585
23.6233      50.0192       -4.94563            2.41585
24.3233      50.5077       -5.7421            2.41585
25.0233      50.5198       -5.73017            2.41585
25.7233      50.1597       -6.26437            2.41585
26.4233      50.4737       -7.11497            2.41585
27.1233      51.231       -7.31345            2.41585
27.8233      51.8385       -7.05429            2.41585
28.5233      52.1621       -6.23164            2.41585
29.2233      51.4691       -5.36162            2.41585
29.9233      50.325       -5.45604            2.41585
30.6233      49.8106       -6.30078            2.41585
31.3233      50.0862       -6.88261            2.41585
32.0233      50.4812       -6.82995            2.41585
32.7233      50.4793       -6.24597            2.41585
33.4233      49.7468       -5.63828            2.41585
34.1233      48.4386       -5.55388            2.41585
34.8233      47.1959       -6.18478            2.41585
35.5233      46.1763       -6.81621            2.41585
36.2233      44.4946       -7.59772            2.41585
36.9233      42.0091       -9.52026            2.41585
37.6233      39.2632       -14.0916            2.41585
38.3233      39.4101       -23.247            2.41585
39.0233      50.3765       -32.2875            2.41585
39.7233      63.9189       -26.5662            2.41585
40.4233      66.0887       -17.4833            2.41585
41.1233      65.078       -13.1174            2.41585
41.8233      64.6339       -9.72351            2.41585
42.5233      62.9589       -6.67525            2.41585
43.2233      60.7561       -4.94388            2.41585
43.9233      58.6662       -4.13608            2.41585
44.6233      56.7466       -3.94992            2.41585
45.3233      55.0171       -4.3624            2.41585
46.0233      53.7955       -5.35509            2.41585
46.7233      53.1715       -6.29647            2.41585
47.4233      52.394       -7.2749            2.41585
48.1233      51.7115       -9.43273            2.41585
48.8233      53.6607       -12.4587            2.41585
49.5233      57.1913       -12.2216            2.41585
50.2233      59.0439       -10.9703            2.41585
50.9233      60.8083       -8.70339            2.41585
51.6233      60.4386       -5.82249            2.41585
52.3233      58.9618       -4.18239            2.41585
53.0233      57.4534       -3.47267            2.41585
53.7233      56.1136       -3.29721            2.41585
54.4233      55.0208       -3.45123            2.41585
55.1233      54.0787       -3.71967            2.41585
55.8233      53.1712       -4.2027            2.41585
56.5233      52.3426       -5.01186            2.41585
57.2233      51.9405       -6.44618            2.41585
57.9233      52.9311       -7.73635            2.41585
58.6233      54.191       -7.5128            2.41585
59.3233      54.4937       -6.54377            2.41585
60.0233      53.8276       -5.84992            2.41585
60.7233      52.9079       -5.85259            2.41585
61.4233      52.103       -6.17805            2.41585
62.1233      51.1128       -6.93213            2.41585
62.8233      50.5679       -8.54532            2.41585
63.5233      51.2291       -10.4703            2.41585
64.2233      53.3276       -11.1589            2.41585
64.9233      54.1994       -9.96681            2.41585
65.6233      53.5457       -9.53391            2.41585
66.3233      52.928       -10.353            2.41585
67.0233      53.4894       -11.7798            2.41585
67.7233      55.1622       -12.2733            2.41585
68.4233      56.3265       -11.1891            2.41585
69.1233      55.7542       -10.0556            2.41585
69.8233      54.3455       -10.6064            2.41585
70.5233      54.2821       -13.0601            2.41585
71.2233      57.2954       -14.6199            2.41585
71.9233      59.9187       -12.5242            2.41585
72.6233      59.3607       -10.1212            2.41585
73.3233      57.4435       -9.67239            2.41585
74.0233      55.9064       -11.4513            2.41585
74.7233      56.4569       -14.6903            2.41585
75.4233      60.5416       -17.4882            2.41585
76.1233      65.9689       -15.4691            2.41585
76.8233      67.9016       -11.0418            2.41585
77.5233      67.2101       -7.54623            2.41585
78.2233      65.6713       -5.70706            2.41585
78.9233      64.6169       -5.0131            2.41585
79.6233      64.1144       -4.28949            2.41585
80.3233      63.5359       -3.41883            2.41585
81.0233      62.67       -2.62615            2.41585
81.7233      61.6635       -2.18977            2.41585
82.4233      60.7353       -2.08238            2.41585
83.1233      60.0362       -2.21101            2.41585
83.8233      59.636       -2.29478            2.41585
84.5233      59.217       -2.17352            2.41585
85.2233      58.5986       -2.08604            2.41585
85.9233      57.8564       -2.24309            2.41585
86.6233      57.253       -2.7866            2.41585
87.3233      57.1478       -3.42322            2.41585
88.0233      57.2804       -3.7043            2.41585
88.7233      57.3101       -3.72174            2.41585
89.4233      56.9636       -3.61596            2.41585
90.1233      56.2775       -4.01726            2.41585
90.8233      55.9451       -5.1893            2.41585
91.5233      56.829       -6.47329            2.41585
92.2233      58.4376       -6.50572            2.41585
92.9233      59.2822       -5.52233            2.41585
93.6233      59.2093       -4.51545            2.41585
94.3233      58.7348       -4.05889            2.41585
95.0233      58.3181       -3.91871            2.41585
95.7233      57.9095       -3.93061            2.41585
96.4233      57.5631       -4.15656            2.41585
97.1233      57.2884       -4.56821            2.41585
97.8233      57.33       -5.36436            2.41585
98.5233      58.2042       -5.89012            2.41585
99.2233      59.1314       -5.68022            2.41585
99.9233      59.6586       -4.90898            2.41585
100.623      59.6323       -4.18114            2.41585
101.323      59.2133       -3.67438            2.41585
102.023      58.6999       -3.72867            2.41585
102.723      58.7989       -4.16186            2.41585
103.423      59.3019       -3.81647            2.41585
104.123      58.9919       -3.25651            2.41585
104.823      58.4997       -3.42438            2.41585
105.523      58.7603       -3.8586            2.41585
106.223      59.267       -3.45295            2.41585
106.923      59.0146       -2.93827            2.41585
107.623      58.7191       -2.99396            2.41585
108.323      58.9133       -3.04871            2.41585
109.023      59.1216       -2.65712            2.41585
109.723      58.9115       -2.06899            2.41585
110.423      58.3365       -1.76965            2.41585
111.123      57.7338       -1.8926            2.41585
111.823      57.4679       -2.43187            2.41585
112.523      57.9878       -2.75334            2.41585
113.223      58.3145       -2.15779            2.41585
113.923      57.95       -1.61025            2.41585
114.623      57.3854       -1.41044            2.41585
115.323      56.8304       -1.4906            2.41585
116.023      56.429       -1.77903            2.41585
116.723      56.2407       -2.10835            2.41585
117.423      56.2208       -2.29877            2.41585
118.123      56.069       -2.32749            2.41585
118.823      55.789       -2.49599            2.41585
119.523      55.5899       -2.77325            2.41585
120.223      55.4494       -3.03857            2.41585
120.923      55.2396       -3.40309            2.41585
121.623      55.2291       -3.94746            2.41585
122.323      55.5088       -4.35214            2.41585
123.023      55.728       -4.46535            2.41585
123.723      55.5982       -4.67776            2.41585
124.423      55.7922       -5.36923            2.41585
125.123      56.5331       -5.64953            2.41585
125.823      57.0614       -5.42455            2.41585
126.523      57.1333       -5.02572            2.41585
127.223      56.826       -5.08021            2.41585
127.923      56.7657       -5.57196            2.41585
128.623      57.1741       -6.12217            2.41585
129.323      57.9702       -6.23739            2.41585
130.023      58.3403       -5.90497            2.41585
130.723      58.33       -5.89341            2.41585
131.423      58.7404       -6.34366            2.41585
132.123      59.5203       -6.28261            2.41585
132.823      60.0186       -6.2244            2.41585
133.523      61.2218       -6.10672            2.41585
134.223      62.1294       -4.73343            2.41585
134.923      61.987       -3.47755            2.41585
135.623      61.556       -2.58842            2.41585
136.323      60.9091       -2.05356            2.41585
137.023      60.2982       -1.94654            2.41585
137.723      60.0105       -2.14082            2.41585
138.423      60.173       -2.14926            2.41585
139.123      60.155       -1.77699            2.41585
139.823      59.9151       -1.59778            2.41585
140.523      59.8804       -1.50602            2.41585
141.223      59.8256       -1.2145            2.41585
141.923      59.631       -0.928043            2.41585
142.623      59.3565       -0.706437            2.41585
143.323      59.0619       -0.571401            2.41585
144.023      58.784       -0.494137            2.41585
144.723      58.5258       -0.449594            2.41585
145.423      58.2814       -0.425515            2.41585
146.123      58.0445       -0.416626            2.41585
146.823      57.8086       -0.421427            2.41585
147.523      57.5674       -0.441207            2.41585
148.223      57.3138       -0.480527            2.41585
148.923      57.0397       -0.549425            2.41585
149.623      56.738       -0.668462            2.41585
150.323      56.4129       -0.87339            2.41585
151.023      56.086       -1.21439            2.41585
151.723      55.8685       -1.79476            2.41585
152.423      56.0768       -2.47367            2.41585
153.123      56.6309       -2.78782            2.41585
153.823      57.0265       -2.57701            2.41585
154.523      56.8409       -2.39985            2.41585
155.223      56.5835       -2.82369            2.41585
155.923      56.9986       -3.49356            2.41585
156.623      57.8711       -3.54369            2.41585
157.323      58.3585       -2.96676            2.41585
158.023      58.2764       -2.50689            2.41585
158.723      58.107       -2.38806            2.41585
159.423      58.0713       -2.40751            2.41585
160.123      58.129       -2.40515            2.41585
160.823      58.1625       -2.38608            2.41585
161.523      58.2932       -2.44999            2.41585
162.223      58.5359       -2.35481            2.41585
162.923      58.708       -2.14116            2.41585
163.623      58.7717       -1.87072            2.41585
164.323      58.7402       -1.58932            2.41585
165.023      58.5446       -1.40206            2.41585
165.723      58.4162       -1.42974            2.41585
166.423      58.4696       -1.46754            2.41585
167.123      58.6703       -1.32615            2.41585
167.823      58.6673       -0.968205            2.41585
168.523      58.4882       -0.726263            2.41585
169.223      58.2997       -0.566243            2.41585
169.923      58.0922       -0.455962            2.41585
170.623      57.8887       -0.400951            2.41585
171.323      57.7086       -0.382626            2.41585
172.023      57.551       -0.372781            2.41585
172.723      57.3965       -0.366688            2.41585
173.423      57.2366       -0.364498            2.41585
174.123      57.0633       -0.381301            2.41585
174.823      56.8883       -0.419126            2.41585
175.523      56.6967       -0.477621            2.41585
176.223      56.496       -0.592058            2.41585
176.923      56.329       -0.755055            2.41585
177.623      56.1857       -0.946156            2.41585
178.323      56.0594       -1.15502            2.41585
179.023      55.9107       -1.49107            2.41585
179.723      56.0379       -1.98996            2.41585
180.423      56.4582       -2.18059            2.41585
181.123      56.686       -2.11217            2.41585
181.823      56.7962       -2.03544            2.41585
182.523      56.7497       -1.96122            2.41585
183.223      56.6302       -2.05508            2.41585
183.923      56.5573       -2.29319            2.41585
184.623      56.637       -2.7146            2.41585
185.323      57.1511       -3.07185            2.41585
186.023      57.6858       -2.95754            2.41585
186.723      58.0787       -2.77286            2.41585
187.423      58.3846       -2.3512            2.41585
188.123      58.3538       -1.87703            2.41585
188.823      58.0634       -1.58956            2.41585
189.523      57.6826       -1.62034            2.41585
190.223      57.4373       -2.03089            2.41585
190.923      57.7899       -2.67585            2.41585
191.623      58.7044       -2.64763            2.41585
192.323      59.1533       -2.00964            2.41585
193.023      59.1542       -1.43678            2.41585
193.723      58.9718       -1.06781            2.41585
194.423      58.7757       -0.87237            2.41585
195.123      58.6431       -0.772519            2.41585
195.823      58.5697       -0.681245            2.41585
196.523      58.5244       -0.55744            2.41585
197.223      58.4269       -0.404452            2.41585
197.923      58.2902       -0.299201            2.41585
198.623      58.16       -0.236438            2.41585
199.323      58.0453       -0.196598            2.41585
200.023      57.9447       -0.169254            2.41585
200.723      57.8554       -0.14932            2.41585
201.423      57.7749       -0.134141            2.41585
202.123      57.7016       -0.122216            2.41585
202.823      57.6341       -0.112632            2.41585
203.523      57.5714       -0.104807            2.41585
204.223      57.5126       -0.098352            2.41585
204.923      57.4571       -0.0929993            2.41585
205.623      57.4044       -0.0885652            2.41585
206.323      57.354       -0.0849237            2.41585
207.023      57.3055       -0.0819943            2.41585
207.723      57.2585       -0.0797354            2.41585
208.423      57.2126       -0.0781433            2.41585
209.123      57.1674       -0.077258            2.41585
209.823      57.1227       -0.0771767            2.41585
210.523      57.0779       -0.0780827            2.41585
211.223      57.0324       -0.0803021            2.41585
211.923      56.9856       -0.08442            2.41585
212.623      56.9367       -0.0915321            2.41585
213.323      56.8845       -0.103826            2.41585
214.023      56.8284       -0.125962            2.41585
214.723      56.7719       -0.167639            2.41585
215.423      56.7373       -0.238838            2.41585
216.123      56.7569       -0.304204            2.41585
216.823      56.7935       -0.323741            2.41585
217.523      56.8108       -0.309785            2.41585
218.223      56.8078       -0.290622            2.41585
218.923      56.7742       -0.269514            2.41585
219.623      56.7258       -0.284807            2.41585
220.323      56.6974       -0.334956            2.41585
221.023      56.7403       -0.38063            2.41585
221.723      56.773       -0.325035            2.41585
222.423      56.7105       -0.275052            2.41585
223.123      56.6133       -0.290081            2.41585
223.823      56.5215       -0.383134            2.41585
224.523      56.518       -0.565741            2.41585
225.223      56.6921       -0.677107            2.41585
225.923      56.8175       -0.622035            2.41585
226.623      56.8723       -0.558437            2.41585
227.323      56.8574       -0.512435            2.41585
228.023      56.8721       -0.569441            2.41585
228.723      57.0185       -0.559299            2.41585
229.423      57.0908       -0.429353            2.41585
230.123      57.0951       -0.308388            2.41585
230.823      57.0514       -0.205602            2.41585
231.523      56.9885       -0.143343            2.41585
232.223      56.9304       -0.107996            2.41585
232.923      56.8806       -0.0865212            2.41585
233.623      56.8377       -0.0724568            2.41585
234.323      56.8002       -0.0626574            2.41585
235.023      56.7669       -0.0554889            2.41585
235.723      56.7368       -0.0500393            2.41585
236.423      56.7092       -0.0457658            2.41585
237.123      56.6838       -0.0423282            2.41585
237.823      56.66       -0.0395035            2.41585
238.523      56.6377       -0.0371402            2.41585
239.223      56.6165       -0.0351322            2.41585
239.923      56.5965       -0.033403            2.41585
240.623      56.5773       -0.0318963            2.41585
241.323      56.559       -0.0305699            2.41585
242.023      56.5413       -0.0293914            2.41585
242.723      56.5244       -0.0283359            2.41585
243.423      56.5079       -0.0273835            2.41585
244.123      56.492       -0.0265185            2.41585
244.823      56.4766       -0.0257282            2.41585
245.523      56.4616       -0.0250023            2.41585
246.223      56.4471       -0.0243323            2.41585
246.923      56.4328       -0.0237111            2.41585
247.623      56.419       -0.0231329            2.41585
248.323      56.4054       -0.0225926            2.41585
249.023      56.3922       -0.0220861            2.41585
249.723      56.3793       -0.0216098            2.41585
250.423      56.3666       -0.0211606            2.41585
251.123      56.3542       -0.0207358            2.41585
251.823      56.342       -0.0203331            2.41585
252.523      56.33       -0.0199505            2.41585
253.223      56.3183       -0.0195863            2.41585
253.923      56.3068       -0.0192389            2.41585
254.623      56.2954       -0.0189068            2.41585
255.323      56.2843       -0.018589            2.41585
256.023      56.2733       -0.0182843            2.41585
256.723      56.2625       -0.0179917            2.41585
257.423      56.2519       -0.0177104            2.41585
258.123      56.2415       -0.0174395            2.41585
258.823      56.2312       -0.0171785            2.41585
259.523      56.221       -0.0169266            2.41585
260.223      56.211       -0.0166833            2.41585
260.923      56.2011       -0.0164481            2.41585
261.623      56.1914       -0.0162204            2.41585
262.323      56.1818       -0.0159998            2.41585
263.023      56.1723       -0.015786            2.41585
263.723      56.163       -0.0155785            2.41585
264.423      56.1538       -0.015377            2.41585
265.123      56.1447       -0.0151812            2.41585
265.823      56.1357       -0.0149909            2.41585
266.523      56.1268       -0.0148057            2.41585
267.223      56.118       -0.0146253            2.41585
