#
#
#   Lonertzian-smoothed self-energy (both particle and hole)
#
#   k = 2.27768 fm^-1 (group = 7)     and E_F = -52.0162 MeV
#
#   Sigma^{infty} = 39.6058 MeV
#
#
#    E               Re \Sig(k,E)       Im \Sig(k,E)             k 

-280.96      38.0788       -0.000435561            2.27768
-280.26      38.0739       -0.000380404            2.27768
-279.56      38.069       -0.000322537            2.27768
-278.86      38.064       -0.000261774            2.27768
-278.16      38.0589       -0.000197911            2.27768
-277.46      38.0538       -0.000130721            2.27768
-276.76      38.0487       -5.99528e-05            2.27768
-276.06      38.0434       1.46711e-05            2.27768
-275.36      38.0381       9.34615e-05            2.27768
-274.66      38.0327       0.000176766            2.27768
-273.96      38.0273       0.000264977            2.27768
-273.26      38.0218       0.000358536            2.27768
-272.56      38.0161       0.000457946            2.27768
-271.86      38.0105       0.000563782            2.27768
-271.16      38.0047       0.000676704            2.27768
-270.46      37.9988       0.000797478            2.27768
-269.76      37.9928       0.000926994            2.27768
-269.06      37.9868       0.0010663            2.27768
-268.36      37.9806       0.00121665            2.27768
-267.66      37.9743       0.00137952            2.27768
-266.96      37.9679       0.00155671            2.27768
-266.26      37.9613       0.00175046            2.27768
-265.56      37.9546       0.00196349            2.27768
-264.86      37.9478       0.00219929            2.27768
-264.16      37.9408       0.00246232            2.27768
-263.46      37.9336       0.00275841            2.27768
-262.76      37.9262       0.00309539            2.27768
-262.06      37.9186       0.003484            2.27768
-261.36      37.9107       0.00393942            2.27768
-260.66      37.9025       0.00448386            2.27768
-259.96      37.8939       0.00515109            2.27768
-259.26      37.8849       0.00599487            2.27768
-258.56      37.8755       0.00710553            2.27768
-257.86      37.8653       0.00864478            2.27768
-257.16      37.8544       0.0109242            2.27768
-256.46      37.8424       0.0145933            2.27768
-255.76      37.8297       0.0210798            2.27768
-255.06      37.8183       0.0331214            2.27768
-254.36      37.8177       0.0500191            2.27768
-253.66      37.8288       0.0517787            2.27768
-252.96      37.8252       0.0408163            2.27768
-252.26      37.8107       0.038312            2.27768
-251.56      37.7987       0.0468609            2.27768
-250.86      37.8015       0.0559476            2.27768
-250.16      37.8052       0.0459079            2.27768
-249.46      37.7932       0.0333241            2.27768
-248.76      37.7752       0.0274009            2.27768
-248.06      37.756       0.0258693            2.27768
-247.36      37.7359       0.0270802            2.27768
-246.66      37.7145       0.0306385            2.27768
-245.96      37.6911       0.0370639            2.27768
-245.26      37.6649       0.0483096            2.27768
-244.56      37.6369       0.0688133            2.27768
-243.86      37.6161       0.105084            2.27768
-243.16      37.6254       0.142294            2.27768
-242.46      37.6345       0.140838            2.27768
-241.76      37.6045       0.14558            2.27768
-241.06      37.57       0.194018            2.27768
-240.36      37.588       0.281461            2.27768
-239.66      37.6935       0.31132            2.27768
-238.96      37.7469       0.232558            2.27768
-238.26      37.7145       0.169372            2.27768
-237.56      37.6562       0.149591            2.27768
-236.86      37.5917       0.164145            2.27768
-236.16      37.5299       0.22071            2.27768
-235.46      37.5132       0.329676            2.27768
-234.76      37.5942       0.403615            2.27768
-234.06      37.6276       0.384065            2.27768
-233.36      37.5905       0.436156            2.27768
-232.66      37.6526       0.601632            2.27768
-231.96      37.9253       0.637376            2.27768
-231.26      38.0746       0.43013            2.27768
-230.56      38.0449       0.263031            2.27768
-229.86      37.9773       0.183282            2.27768
-229.16      37.9244       0.155904            2.27768
-228.46      37.9053       0.139352            2.27768
-227.76      37.8866       0.102848            2.27768
-227.06      37.8519       0.0729064            2.27768
-226.36      37.8159       0.0553536            2.27768
-225.66      37.783       0.0448829            2.27768
-224.96      37.7533       0.0382151            2.27768
-224.26      37.7259       0.0337553            2.27768
-223.56      37.7003       0.0306913            2.27768
-222.86      37.6759       0.0285762            2.27768
-222.16      37.6524       0.0271474            2.27768
-221.46      37.6295       0.0262434            2.27768
-220.76      37.6068       0.025762            2.27768
-220.06      37.5843       0.0256389            2.27768
-219.36      37.5617       0.0258352            2.27768
-218.66      37.5388       0.0263317            2.27768
-217.96      37.5156       0.0271249            2.27768
-217.26      37.4917       0.0282263            2.27768
-216.56      37.4671       0.0296637            2.27768
-215.86      37.4415       0.031485            2.27768
-215.16      37.4147       0.0337658            2.27768
-214.46      37.3865       0.0366242            2.27768
-213.76      37.3565       0.0402491            2.27768
-213.06      37.3244       0.0449579            2.27768
-212.36      37.2895       0.0513243            2.27768
-211.66      37.2513       0.0604757            2.27768
-210.96      37.2098       0.0747586            2.27768
-210.26      37.1679       0.0982617            2.27768
-209.56      37.1371       0.128793            2.27768
-208.86      37.1136       0.146934            2.27768
-208.16      37.0822       0.157456            2.27768
-207.46      37.0342       0.160543            2.27768
-206.76      36.96       0.178623            2.27768
-206.06      36.8749       0.229342            2.27768
-205.36      36.8042       0.318006            2.27768
-204.66      36.7644       0.417698            2.27768
-203.96      36.7443       0.523846            2.27768
-203.26      36.7409       0.633839            2.27768
-202.56      36.803       0.747428            2.27768
-201.86      36.8805       0.748254            2.27768
-201.16      36.839       0.697115            2.27768
-200.46      36.6654       0.73848            2.27768
-199.76      36.4657       0.994825            2.27768
-199.06      36.4984       1.53081            2.27768
-198.36      37.129       1.88959            2.27768
-197.66      37.6416       1.52385            2.27768
-196.96      37.6031       1.13612            2.27768
-196.26      37.3756       1.05354            2.27768
-195.56      37.2392       1.24973            2.27768
-194.86      37.4217       1.518            2.27768
-194.16      37.7738       1.48467            2.27768
-193.46      37.9024       1.21177            2.27768
-192.76      37.7525       1.08506            2.27768
-192.06      37.6697       1.27976            2.27768
-191.36      38.0219       1.46338            2.27768
-190.66      38.3531       1.14919            2.27768
-189.96      38.3284       0.827894            2.27768
-189.26      38.2197       0.649298            2.27768
-188.56      38.1034       0.551679            2.27768
-187.86      37.9919       0.526839            2.27768
-187.16      37.9632       0.562304            2.27768
-186.46      38.0135       0.515671            2.27768
-185.76      37.9934       0.391843            2.27768
-185.06      37.8932       0.305275            2.27768
-184.36      37.779       0.28798            2.27768
-183.66      37.7022       0.332514            2.27768
-182.96      37.7191       0.370094            2.27768
-182.26      37.7324       0.309956            2.27768
-181.56      37.6822       0.25022            2.27768
-180.86      37.6148       0.209527            2.27768
-180.16      37.536       0.189614            2.27768
-179.46      37.4616       0.186328            2.27768
-178.76      37.392       0.190336            2.27768
-178.06      37.324       0.190842            2.27768
-177.36      37.2367       0.192326            2.27768
-176.66      37.1305       0.214968            2.27768
-175.96      37.0107       0.269956            2.27768
-175.26      36.8861       0.378065            2.27768
-174.56      36.7957       0.560029            2.27768
-173.86      36.7814       0.807858            2.27768
-173.16      36.9888       1.11735            2.27768
-172.46      37.4316       1.05834            2.27768
-171.76      37.5248       0.720378            2.27768
-171.06      37.382       0.529668            2.27768
-170.36      37.2038       0.485716            2.27768
-169.66      37.0465       0.541281            2.27768
-168.96      36.9616       0.685646            2.27768
-168.26      37.0213       0.788326            2.27768
-167.56      37.0408       0.759668            2.27768
-166.86      36.9502       0.740981            2.27768
-166.16      36.8282       0.842658            2.27768
-165.46      36.8164       0.970923            2.27768
-164.76      36.7544       1.03539            2.27768
-164.06      36.6404       1.23035            2.27768
-163.36      36.6516       1.5057            2.27768
-162.66      36.6702       1.83827            2.27768
-161.96      37.0073       2.35969            2.27768
-161.26      37.7173       2.53351            2.27768
-160.56      38.4112       2.30244            2.27768
-159.86      38.8635       1.68768            2.27768
-159.16      38.8386       1.05391            2.27768
-158.46      38.6098       0.669849            2.27768
-157.76      38.3734       0.46417            2.27768
-157.06      38.1698       0.350216            2.27768
-156.36      37.9958       0.284547            2.27768
-155.66      37.8425       0.247626            2.27768
-154.96      37.7019       0.231475            2.27768
-154.26      37.5678       0.235495            2.27768
-153.56      37.4375       0.267449            2.27768
-152.86      37.3239       0.347549            2.27768
-152.16      37.2971       0.48022            2.27768
-151.46      37.4026       0.506425            2.27768
-150.76      37.4077       0.381841            2.27768
-150.06      37.2987       0.295124            2.27768
-149.36      37.161       0.265575            2.27768
-148.66      37.015       0.274914            2.27768
-147.96      36.8611       0.322213            2.27768
-147.26      36.7074       0.426526            2.27768
-146.56      36.6137       0.60858            2.27768
-145.86      36.6619       0.74294            2.27768
-145.16      36.6344       0.73357            2.27768
-144.46      36.5002       0.826769            2.27768
-143.76      36.476       0.995243            2.27768
-143.06      36.441       1.05945            2.27768
-142.36      36.3291       1.26333            2.27768
-141.66      36.4768       1.52083            2.27768
-140.96      36.6161       1.43772            2.27768
-140.26      36.4079       1.37194            2.27768
-139.56      36.042       1.63245            2.27768
-138.86      35.8604       2.36733            2.27768
-138.16      36.4837       3.21138            2.27768
-137.46      37.3644       3.20634            2.27768
-136.76      37.902       2.99899            2.27768
-136.06      38.2926       2.52897            2.27768
-135.36      38.1614       2.10368            2.27768
-134.66      37.9163       2.19147            2.27768
-133.96      38.1606       2.57129            2.27768
-133.26      38.7713       2.42914            2.27768
-132.56      39.0326       2.03037            2.27768
-131.86      39.1401       1.63985            2.27768
-131.16      39.1372       1.29164            2.27768
-130.46      39.0231       0.944443            2.27768
-129.76      38.7807       0.734274            2.27768
-129.06      38.5601       0.706289            2.27768
-128.36      38.512       0.771822            2.27768
-127.66      38.5835       0.67454            2.27768
-126.96      38.5264       0.492539            2.27768
-126.26      38.3967       0.360541            2.27768
-125.56      38.2464       0.282073            2.27768
-124.86      38.0987       0.243589            2.27768
-124.16      37.9564       0.231744            2.27768
-123.46      37.8145       0.242961            2.27768
-122.76      37.6665       0.283255            2.27768
-122.06      37.5078       0.372693            2.27768
-121.36      37.3504       0.55973            2.27768
-120.66      37.2982       0.927486            2.27768
-119.96      37.6814       1.34597            2.27768
-119.26      38.2916       1.15157            2.27768
-118.56      38.4087       0.690225            2.27768
-117.86      38.2905       0.41349            2.27768
-117.16      38.1488       0.271325            2.27768
-116.46      38.024       0.193987            2.27768
-115.76      37.9176       0.148429            2.27768
-115.06      37.8253       0.119746            2.27768
-114.36      37.7431       0.100787            2.27768
-113.66      37.6682       0.0878719            2.27768
-112.96      37.5985       0.0789864            2.27768
-112.26      37.5322       0.0729847            2.27768
-111.56      37.4683       0.0692095            2.27768
-110.86      37.4056       0.067308            2.27768
-110.16      37.3433       0.0671491            2.27768
-109.46      37.2804       0.0688081            2.27768
-108.76      37.2161       0.0726227            2.27768
-108.06      37.1495       0.0793366            2.27768
-107.36      37.0804       0.0900143            2.27768
-106.66      37.0084       0.105006            2.27768
-105.96      36.933       0.126068            2.27768
-105.26      36.855       0.150332            2.27768
-104.56      36.7614       0.178916            2.27768
-103.86      36.6467       0.231983            2.27768
-103.16      36.5197       0.333693            2.27768
-102.46      36.4184       0.514272            2.27768
-101.76      36.4334       0.747888            2.27768
-101.06      36.5794       0.880366            2.27768
-100.36      36.6365       0.855349            2.27768
-99.66      36.5521       0.917202            2.27768
-98.96      36.47       1.1595            2.27768
-98.26      36.6782       1.61793            2.27768
-97.56      37.3577       1.70533            2.27768
-96.86      37.7759       1.25988            2.27768
-96.16      37.7867       0.793458            2.27768
-95.46      37.6164       0.517448            2.27768
-94.76      37.4421       0.389578            2.27768
-94.06      37.3125       0.317661            2.27768
-93.36      37.1893       0.252466            2.27768
-92.66      37.06       0.211831            2.27768
-91.96      36.9349       0.189201            2.27768
-91.26      36.8085       0.178758            2.27768
-90.56      36.6789       0.180474            2.27768
-89.86      36.5436       0.193176            2.27768
-89.16      36.3979       0.217406            2.27768
-88.46      36.2363       0.256023            2.27768
-87.76      36.0511       0.314952            2.27768
-87.06      35.8322       0.405287            2.27768
-86.36      35.5657       0.548151            2.27768
-85.66      35.2335       0.786086            2.27768
-84.96      34.8221       1.21076            2.27768
-84.26      34.3779       2.02699            2.27768
-84.14      34.3155       2.2321            2.27768
-84.02      34.265       2.46234            2.27768
-83.9      34.2318       2.7198            2.27768
-83.78      34.2226       3.00587            2.27768
-83.66      34.246       3.32067            2.27768
-83.54      34.3121       3.66219            2.27768
-83.42      34.4323       4.02522            2.27768
-83.3      34.6185       4.40018            2.27768
-83.18      34.8812       4.77214            2.27768
-83.06      35.227       5.12054            2.27768
-82.94      35.6552       5.42034            2.27768
-82.82      36.1558       5.64512            2.27768
-82.7      36.7076       5.77187            2.27768
-82.58      37.2806       5.78635            2.27768
-82.46      37.841       5.68684            2.27768
-82.34      38.3573       5.48461            2.27768
-82.22      38.8056       5.2009            2.27768
-82.1      39.1731       4.86176            2.27768
-81.98      39.457       4.49298            2.27768
-81.86      39.6622       4.11642            2.27768
-81.74      39.7985       3.74851            2.27768
-81.62      39.8776       3.40011            2.27768
-81.5      39.9113       3.07743            2.27768
-81.38      39.91       2.7832            2.27768
-81.26      39.8826       2.51776            2.27768
-81.14      39.8365       2.27998            2.27768
-81.02      39.7772       2.0679            2.27768
-80.9      39.7092       1.8792            2.27768
-80.78      39.6357       1.71144            2.27768
-80.66      39.5592       1.56229            2.27768
-80.54      39.4814       1.42956            2.27768
-80.42      39.4037       1.31126            2.27768
-80.3      39.3269       1.20564            2.27768
-80.18      39.2517       1.11112            2.27768
-80.06      39.1784       1.02635            2.27768
-79.94      39.1074       0.950146            2.27768
-79.82      39.0388       0.881467            2.27768
-79.7      38.9727       0.819419            2.27768
-79.58      38.9091       0.763224            2.27768
-79.46      38.848       0.712206            2.27768
-79.34      38.7893       0.665778            2.27768
-79.22      38.7329       0.623429            2.27768
-79.1      38.6787       0.584713            2.27768
-78.98      38.6267       0.549241            2.27768
-78.86      38.5768       0.516671            2.27768
-78.74      38.5289       0.486705            2.27768
-78.62      38.4828       0.459079            2.27768
-78.5      38.4384       0.433562            2.27768
-78.38      38.3958       0.40995            2.27768
-78.26      38.3547       0.38806            2.27768
-78.14      38.3151       0.367732            2.27768
-78.02      38.277       0.348824            2.27768
-77.9      38.2402       0.331208            2.27768
-77.78      38.2047       0.31477            2.27768
-77.66      38.1704       0.299409            2.27768
-77.54      38.1372       0.285033            2.27768
-77.42      38.1052       0.271561            2.27768
-77.3      38.0741       0.258918            2.27768
-77.18      38.0441       0.247039            2.27768
-77.06      38.0149       0.235862            2.27768
-76.94      37.9866       0.225335            2.27768
-76.82      37.9592       0.215407            2.27768
-76.7      37.9325       0.206033            2.27768
-76.58      37.9066       0.197174            2.27768
-76.46      37.8815       0.188792            2.27768
-76.34      37.857       0.180852            2.27768
-76.22      37.8331       0.173325            2.27768
-76.1      37.8099       0.166181            2.27768
-75.98      37.7872       0.159395            2.27768
-75.86      37.7651       0.152944            2.27768
-75.74      37.7436       0.146804            2.27768
-75.62      37.7225       0.140957            2.27768
-75.5      37.702       0.135382            2.27768
-75.38      37.6819       0.130065            2.27768
-75.26      37.6623       0.124987            2.27768
-75.14      37.643       0.120136            2.27768
-75.02      37.6242       0.115497            2.27768
-74.9      37.6058       0.111058            2.27768
-74.78      37.5878       0.106806            2.27768
-74.66      37.5701       0.102733            2.27768
-74.54      37.5528       0.0988262            2.27768
-74.42      37.5358       0.0950777            2.27768
-74.3      37.5191       0.0914785            2.27768
-74.18      37.5027       0.0880203            2.27768
-74.06      37.4866       0.0846957            2.27768
-73.94      37.4708       0.0814975            2.27768
-73.82      37.4553       0.0784192            2.27768
-73.7      37.44       0.0754544            2.27768
-73.58      37.425       0.0725975            2.27768
-73.46      37.4102       0.069843            2.27768
-73.34      37.3957       0.0671857            2.27768
-73.22      37.3813       0.0646209            2.27768
-73.1      37.3672       0.062144            2.27768
-72.98      37.3533       0.0597509            2.27768
-72.86      37.3396       0.0574376            2.27768
-72.74      37.3261       0.0552002            2.27768
-72.62      37.3128       0.0530353            2.27768
-72.5      37.2997       0.0509395            2.27768
-72.38      37.2867       0.0489097            2.27768
-72.26      37.2739       0.0469429            2.27768
-72.14      37.2613       0.0450363            2.27768
-72.02      37.2488       0.0431873            2.27768
-71.9      37.2365       0.0413933            2.27768
-71.78      37.2243       0.0396519            2.27768
-71.66      37.2122       0.037961            2.27768
-71.54      37.2003       0.0363183            2.27768
-71.42      37.1886       0.0347219            2.27768
-71.3      37.1769       0.0331698            2.27768
-71.18      37.1654       0.0316602            2.27768
-71.06      37.154       0.0301914            2.27768
-70.94      37.1427       0.0287617            2.27768
-70.82      37.1316       0.0273696            2.27768
-70.7      37.1205       0.0260136            2.27768
-70.58      37.1095       0.0246923            2.27768
-70.46      37.0987       0.0234042            2.27768
-70.34      37.0879       0.0221483            2.27768
-70.22      37.0773       0.0209231            2.27768
-70.1      37.0667       0.0197275            2.27768
-69.98      37.0563       0.0185605            2.27768
-69.86      37.0459       0.017421            2.27768
-69.74      37.0356       0.0163079            2.27768
-69.62      37.0253       0.0152203            2.27768
-69.5      37.0152       0.0141573            2.27768
-69.38      37.0052       0.0131179            2.27768
-69.26      36.9952       0.0121014            2.27768
-69.14      36.9853       0.0111068            2.27768
-69.02      36.9754       0.0101335            2.27768
-68.9      36.9656       0.00918071            2.27768
-68.78      36.9559       0.00824768            2.27768
-68.66      36.9463       0.00733375            2.27768
-68.54      36.9367       0.00643826            2.27768
-68.42      36.9272       0.00556058            2.27768
-68.3      36.9178       0.00470012            2.27768
-68.18      36.9084       0.0038563            2.27768
-68.06      36.899       0.00302855            2.27768
-67.94      36.8897       0.00221636            2.27768
-67.82      36.8805       0.0014192            2.27768
-67.7      36.8713       0.000636578            2.27768
-67.58      36.8622       -0.000131971            2.27768
-67.46      36.8531       -0.000886905            2.27768
-67.34      36.844       -0.00162866            2.27768
-67.22      36.8351       -0.00235766            2.27768
-67.1      36.8261       -0.00307432            2.27768
-66.98      36.8172       -0.00377901            2.27768
-66.86      36.8083       -0.00447213            2.27768
-66.74      36.7995       -0.00515402            2.27768
-66.62      36.7907       -0.00582505            2.27768
-66.5      36.782       -0.00648554            2.27768
-66.38      36.7733       -0.00713583            2.27768
-66.26      36.7646       -0.00777622            2.27768
-66.14      36.7559       -0.00840702            2.27768
-66.02      36.7473       -0.00902853            2.27768
-65.9      36.7388       -0.00964102            2.27768
-65.78      36.7302       -0.0102448            2.27768
-65.66      36.7217       -0.01084            2.27768
-65.54      36.7132       -0.0114271            2.27768
-65.42      36.7048       -0.0120062            2.27768
-65.3      36.6963       -0.0125775            2.27768
-65.18      36.6879       -0.0131413            2.27768
-65.06      36.6796       -0.0136979            2.27768
-64.94      36.6712       -0.0142473            2.27768
-64.82      36.6629       -0.0147899            2.27768
-64.7      36.6546       -0.0153259            2.27768
-64.58      36.6463       -0.0158554            2.27768
-64.46      36.6381       -0.0163786            2.27768
-64.34      36.6298       -0.0168957            2.27768
-64.22      36.6216       -0.0174069            2.27768
-64.1      36.6134       -0.0179124            2.27768
-63.98      36.6052       -0.0184123            2.27768
-63.86      36.5971       -0.0189068            2.27768
-63.74      36.5889       -0.019396            2.27768
-63.62      36.5808       -0.0198802            2.27768
-63.5      36.5727       -0.0203594            2.27768
-63.38      36.5646       -0.0208338            2.27768
-63.26      36.5566       -0.0213035            2.27768
-63.14      36.5485       -0.0217687            2.27768
-63.02      36.5404       -0.0222295            2.27768
-62.9      36.5324       -0.0226861            2.27768
-62.78      36.5244       -0.0231385            2.27768
-62.66      36.5164       -0.0235869            2.27768
-62.54      36.5084       -0.0240314            2.27768
-62.42      36.5004       -0.0244721            2.27768
-62.3      36.4924       -0.0249091            2.27768
-62.18      36.4845       -0.0253426            2.27768
-62.06      36.4765       -0.0257727            2.27768
-61.94      36.4686       -0.0261993            2.27768
-61.82      36.4606       -0.0266228            2.27768
-61.7      36.4527       -0.027043            2.27768
-61.58      36.4448       -0.0274602            2.27768
-61.46      36.4369       -0.0278745            2.27768
-61.34      36.429       -0.0282859            2.27768
-61.22      36.4211       -0.0286945            2.27768
-61.1      36.4132       -0.0291004            2.27768
-60.98      36.4053       -0.0295037            2.27768
-60.86      36.3974       -0.0299045            2.27768
-60.74      36.3895       -0.0303028            2.27768
-60.62      36.3817       -0.0306987            2.27768
-60.5      36.3738       -0.0310924            2.27768
-60.38      36.3659       -0.0314839            2.27768
-60.26      36.3581       -0.0318732            2.27768
-60.14      36.3502       -0.0322604            2.27768
-60.02      36.3423       -0.0326457            2.27768
-59.9      36.3345       -0.033029            2.27768
-59.78      36.3266       -0.0334104            2.27768
-59.66      36.3188       -0.0337901            2.27768
-59.54      36.3109       -0.034168            2.27768
-59.42      36.303       -0.0345443            2.27768
-59.3      36.2952       -0.0349189            2.27768
-59.18      36.2873       -0.035292            2.27768
-59.06      36.2795       -0.0356637            2.27768
-58.94      36.2716       -0.0360339            2.27768
-58.82      36.2637       -0.0364027            2.27768
-58.7      36.2559       -0.0367702            2.27768
-58.58      36.248       -0.0371365            2.27768
-58.46      36.2401       -0.0375016            2.27768
-58.34      36.2323       -0.0378655            2.27768
-58.22      36.2244       -0.0382283            2.27768
-58.1      36.2165       -0.0385901            2.27768
-57.98      36.2086       -0.0389509            2.27768
-57.86      36.2007       -0.0393107            2.27768
-57.74      36.1928       -0.0396696            2.27768
-57.62      36.1849       -0.0400277            2.27768
-57.5      36.177       -0.040385            2.27768
-57.38      36.1691       -0.0407415            2.27768
-57.26      36.1612       -0.0410973            2.27768
-57.14      36.1533       -0.0414525            2.27768
-57.02      36.1454       -0.041807            2.27768
-56.9      36.1374       -0.042161            2.27768
-56.78      36.1295       -0.0425144            2.27768
-56.66      36.1215       -0.0428674            2.27768
-56.54      36.1136       -0.0432198            2.27768
-56.42      36.1056       -0.0435719            2.27768
-56.3      36.0976       -0.0439236            2.27768
-56.18      36.0896       -0.044275            2.27768
-56.06      36.0817       -0.0446261            2.27768
-55.94      36.0737       -0.044977            2.27768
-55.82      36.0656       -0.0453276            2.27768
-55.7      36.0576       -0.0456781            2.27768
-55.58      36.0496       -0.0460284            2.27768
-55.46      36.0415       -0.0463787            2.27768
-55.34      36.0335       -0.0467289            2.27768
-55.22      36.0254       -0.047079            2.27768
-55.1      36.0173       -0.0474292            2.27768
-54.98      36.0093       -0.0477795            2.27768
-54.86      36.0012       -0.0481298            2.27768
-54.74      35.993       -0.0484802            2.27768
-54.62      35.9849       -0.0488308            2.27768
-54.5      35.9768       -0.0491816            2.27768
-54.38      35.9686       -0.0495327            2.27768
-54.26      35.9605       -0.0498839            2.27768
-54.26       0       0


-49.7967       0       0
-49.7967      35.6449       -0.0634352            2.27768
-49.6767      35.636       -0.0638205            2.27768
-49.5567      35.6271       -0.0642073            2.27768
-49.4367      35.6182       -0.0645956            2.27768
-49.3167      35.6092       -0.0649854            2.27768
-49.1967      35.6003       -0.0653769            2.27768
-49.0767      35.5913       -0.0657701            2.27768
-48.9567      35.5822       -0.0661648            2.27768
-48.8367      35.5732       -0.0665613            2.27768
-48.7167      35.5641       -0.0669596            2.27768
-48.5967      35.555       -0.0673596            2.27768
-48.4767      35.5459       -0.0677613            2.27768
-48.3567      35.5367       -0.068165            2.27768
-48.2367      35.5275       -0.0685705            2.27768
-48.1167      35.5183       -0.0689779            2.27768
-47.9967      35.5091       -0.0693872            2.27768
-47.8767      35.4998       -0.0697985            2.27768
-47.7567      35.4905       -0.0702118            2.27768
-47.6367      35.4812       -0.0706272            2.27768
-47.5167      35.4718       -0.0710446            2.27768
-47.3967      35.4624       -0.0714641            2.27768
-47.2767      35.453       -0.0718858            2.27768
-47.1567      35.4436       -0.0723097            2.27768
-47.0367      35.4341       -0.0727358            2.27768
-46.9167      35.4246       -0.0731641            2.27768
-46.7967      35.4151       -0.0735947            2.27768
-46.6767      35.4055       -0.0740277            2.27768
-46.5567      35.3959       -0.074463            2.27768
-46.4367      35.3863       -0.0749008            2.27768
-46.3167      35.3766       -0.075341            2.27768
-46.1967      35.3669       -0.0757836            2.27768
-46.0767      35.3572       -0.0762288            2.27768
-45.9567      35.3474       -0.0766766            2.27768
-45.8367      35.3376       -0.0771269            2.27768
-45.7167      35.3278       -0.0775799            2.27768
-45.5967      35.3179       -0.0780356            2.27768
-45.4767      35.308       -0.078494            2.27768
-45.3567      35.298       -0.0789552            2.27768
-45.2367      35.2881       -0.0794192            2.27768
-45.1167      35.2781       -0.079886            2.27768
-44.9967      35.268       -0.0803557            2.27768
-44.8767      35.2579       -0.0808284            2.27768
-44.7567      35.2478       -0.081304            2.27768
-44.6367      35.2376       -0.0817827            2.27768
-44.5167      35.2274       -0.0822645            2.27768
-44.3967      35.2172       -0.0827493            2.27768
-44.2767      35.2069       -0.0832374            2.27768
-44.1567      35.1966       -0.0837286            2.27768
-44.0367      35.1863       -0.0842231            2.27768
-43.9167      35.1759       -0.0847209            2.27768
-43.7967      35.1654       -0.085222            2.27768
-43.6767      35.155       -0.0857266            2.27768
-43.5567      35.1444       -0.0862346            2.27768
-43.4367      35.1339       -0.0867461            2.27768
-43.3167      35.1233       -0.0872612            2.27768
-43.1967      35.1126       -0.0877798            2.27768
-43.0767      35.102       -0.0883022            2.27768
-42.9567      35.0912       -0.0888282            2.27768
-42.8367      35.0805       -0.089358            2.27768
-42.7167      35.0696       -0.0898916            2.27768
-42.5967      35.0588       -0.0904292            2.27768
-42.4767      35.0479       -0.0909706            2.27768
-42.3567      35.0369       -0.091516            2.27768
-42.2367      35.0259       -0.0920655            2.27768
-42.1167      35.0149       -0.0926191            2.27768
-41.9967      35.0038       -0.0931768            2.27768
-41.8767      34.9927       -0.0937388            2.27768
-41.7567      34.9815       -0.094305            2.27768
-41.6367      34.9702       -0.0948756            2.27768
-41.5167      34.959       -0.0954506            2.27768
-41.3967      34.9476       -0.0960301            2.27768
-41.2767      34.9362       -0.0966142            2.27768
-41.1567      34.9248       -0.0972028            2.27768
-41.0367      34.9133       -0.0977961            2.27768
-40.9167      34.9018       -0.0983941            2.27768
-40.7967      34.8902       -0.098997            2.27768
-40.6767      34.8785       -0.0996048            2.27768
-40.5567      34.8669       -0.100217            2.27768
-40.4367      34.8551       -0.100835            2.27768
-40.3167      34.8433       -0.101458            2.27768
-40.1967      34.8314       -0.102086            2.27768
-40.0767      34.8195       -0.102719            2.27768
-39.9567      34.8076       -0.103358            2.27768
-39.8367      34.7955       -0.104002            2.27768
-39.7167      34.7835       -0.104651            2.27768
-39.5967      34.7713       -0.105306            2.27768
-39.4767      34.7591       -0.105967            2.27768
-39.3567      34.7469       -0.106633            2.27768
-39.2367      34.7345       -0.107305            2.27768
-39.1167      34.7222       -0.107984            2.27768
-38.9967      34.7097       -0.108668            2.27768
-38.8767      34.6972       -0.109358            2.27768
-38.7567      34.6847       -0.110054            2.27768
-38.6367      34.672       -0.110757            2.27768
-38.5167      34.6593       -0.111466            2.27768
-38.3967      34.6466       -0.112181            2.27768
-38.2767      34.6338       -0.112903            2.27768
-38.1567      34.6209       -0.113632            2.27768
-38.0367      34.6079       -0.114367            2.27768
-37.9167      34.5949       -0.11511            2.27768
-37.7967      34.5818       -0.115859            2.27768
-37.6767      34.5687       -0.116615            2.27768
-37.5567      34.5555       -0.117378            2.27768
-37.4367      34.5422       -0.118149            2.27768
-37.3167      34.5288       -0.118927            2.27768
-37.1967      34.5154       -0.119713            2.27768
-37.0767      34.5019       -0.120506            2.27768
-36.9567      34.4883       -0.121307            2.27768
-36.8367      34.4746       -0.122116            2.27768
-36.7167      34.4609       -0.122933            2.27768
-36.5967      34.4471       -0.123758            2.27768
-36.4767      34.4332       -0.124592            2.27768
-36.3567      34.4193       -0.125433            2.27768
-36.2367      34.4052       -0.126283            2.27768
-36.1167      34.3911       -0.127142            2.27768
-35.9967      34.3769       -0.12801            2.27768
-35.8767      34.3626       -0.128886            2.27768
-35.7567      34.3483       -0.129772            2.27768
-35.6367      34.3338       -0.130667            2.27768
-35.5167      34.3193       -0.131571            2.27768
-35.3967      34.3047       -0.132485            2.27768
-35.2767      34.29       -0.133408            2.27768
-35.1567      34.2752       -0.134342            2.27768
-35.0367      34.2604       -0.135285            2.27768
-34.9167      34.2454       -0.136238            2.27768
-34.7967      34.2303       -0.137202            2.27768
-34.6767      34.2152       -0.138177            2.27768
-34.5567      34.2       -0.139162            2.27768
-34.4367      34.1846       -0.140157            2.27768
-34.3167      34.1692       -0.141164            2.27768
-34.1967      34.1537       -0.142182            2.27768
-34.0767      34.1381       -0.143212            2.27768
-33.9567      34.1224       -0.144253            2.27768
-33.8367      34.1066       -0.145306            2.27768
-33.7167      34.0907       -0.146372            2.27768
-33.5967      34.0747       -0.147449            2.27768
-33.4767      34.0586       -0.148539            2.27768
-33.3567      34.0423       -0.149641            2.27768
-33.2367      34.026       -0.150756            2.27768
-33.1167      34.0096       -0.151885            2.27768
-32.9967      33.9931       -0.153027            2.27768
-32.8767      33.9764       -0.154182            2.27768
-32.7567      33.9597       -0.155352            2.27768
-32.6367      33.9428       -0.156535            2.27768
-32.5167      33.9258       -0.157733            2.27768
-32.3967      33.9087       -0.158945            2.27768
-32.2767      33.8915       -0.160172            2.27768
-32.1567      33.8742       -0.161414            2.27768
-32.0367      33.8567       -0.162672            2.27768
-31.9167      33.8392       -0.163946            2.27768
-31.7967      33.8215       -0.165235            2.27768
-31.6767      33.8037       -0.166541            2.27768
-31.5567      33.7857       -0.167863            2.27768
-31.4367      33.7677       -0.169202            2.27768
-31.3167      33.7495       -0.170559            2.27768
-31.1967      33.7311       -0.171933            2.27768
-31.0767      33.7127       -0.173325            2.27768
-30.9567      33.6941       -0.174735            2.27768
-30.8367      33.6753       -0.176164            2.27768
-30.7167      33.6565       -0.177611            2.27768
-30.5967      33.6375       -0.179078            2.27768
-30.4767      33.6183       -0.180565            2.27768
-30.3567      33.599       -0.182072            2.27768
-30.2367      33.5796       -0.183599            2.27768
-30.1167      33.56       -0.185147            2.27768
-29.9967      33.5402       -0.186717            2.27768
-29.8767      33.5204       -0.188308            2.27768
-29.7567      33.5003       -0.189922            2.27768
-29.6367      33.4801       -0.191558            2.27768
-29.5167      33.4597       -0.193217            2.27768
-29.3967      33.4392       -0.1949            2.27768
-29.2767      33.4185       -0.196607            2.27768
-29.1567      33.3977       -0.198338            2.27768
-29.0367      33.3767       -0.200095            2.27768
-28.9167      33.3555       -0.201877            2.27768
-28.7967      33.3341       -0.203685            2.27768
-28.6767      33.3126       -0.20552            2.27768
-28.5567      33.2908       -0.207383            2.27768
-28.4367      33.2689       -0.209273            2.27768
-28.3167      33.2468       -0.211192            2.27768
-28.1967      33.2246       -0.21314            2.27768
-28.0767      33.2021       -0.215117            2.27768
-27.9567      33.1794       -0.217125            2.27768
-27.8367      33.1566       -0.219164            2.27768
-27.7167      33.1335       -0.221235            2.27768
-27.5967      33.1103       -0.223338            2.27768
-27.4767      33.0868       -0.225475            2.27768
-27.3567      33.0631       -0.227645            2.27768
-27.2367      33.0392       -0.229851            2.27768
-27.1167      33.0151       -0.232091            2.27768
-26.9967      32.9908       -0.234369            2.27768
-26.8767      32.9663       -0.236683            2.27768
-26.7567      32.9415       -0.239036            2.27768
-26.6367      32.9165       -0.241427            2.27768
-26.5167      32.8913       -0.243859            2.27768
-26.3967      32.8658       -0.246331            2.27768
-26.2767      32.8401       -0.248845            2.27768
-26.1567      32.8141       -0.251402            2.27768
-26.0367      32.7879       -0.254003            2.27768
-25.9167      32.7615       -0.25665            2.27768
-25.7967      32.7347       -0.259342            2.27768
-25.6767      32.7077       -0.262081            2.27768
-25.5567      32.6805       -0.264869            2.27768
-25.4367      32.6529       -0.267707            2.27768
-25.3167      32.6251       -0.270596            2.27768
-25.1967      32.597       -0.273537            2.27768
-25.0767      32.5687       -0.276531            2.27768
-24.9567      32.54       -0.279581            2.27768
-24.8367      32.511       -0.282687            2.27768
-24.7167      32.4817       -0.285851            2.27768
-24.5967      32.4521       -0.289075            2.27768
-24.4767      32.4222       -0.292359            2.27768
-24.3567      32.392       -0.295707            2.27768
-24.2367      32.3614       -0.299118            2.27768
-24.1167      32.3305       -0.302596            2.27768
-23.9967      32.2993       -0.306142            2.27768
-23.8767      32.2677       -0.309758            2.27768
-23.7567      32.2358       -0.313446            2.27768
-23.6367      32.2035       -0.317207            2.27768
-23.5167      32.1708       -0.321045            2.27768
-23.3967      32.1377       -0.32496            2.27768
-23.2767      32.1043       -0.328957            2.27768
-23.1567      32.0705       -0.333035            2.27768
-23.0367      32.0362       -0.337199            2.27768
-22.9167      32.0016       -0.341451            2.27768
-22.7967      31.9665       -0.345793            2.27768
-22.6767      31.9311       -0.350228            2.27768
-22.5567      31.8951       -0.354759            2.27768
-22.4367      31.8588       -0.359389            2.27768
-22.3167      31.822       -0.36412            2.27768
-22.1967      31.7847       -0.368956            2.27768
-22.0767      31.7469       -0.373901            2.27768
-21.9567      31.7087       -0.378957            2.27768
-21.8367      31.6699       -0.384129            2.27768
-21.7167      31.6307       -0.389419            2.27768
-21.5967      31.5909       -0.394832            2.27768
-21.4767      31.5506       -0.400372            2.27768
-21.3567      31.5098       -0.406043            2.27768
-21.2367      31.4684       -0.41185            2.27768
-21.1167      31.4264       -0.417796            2.27768
-20.9967      31.3839       -0.423887            2.27768
-20.8767      31.3408       -0.430127            2.27768
-20.7567      31.297       -0.436522            2.27768
-20.6367      31.2526       -0.443077            2.27768
-20.5167      31.2076       -0.449798            2.27768
-20.3967      31.1619       -0.456691            2.27768
-20.2767      31.1156       -0.463762            2.27768
-20.1567      31.0685       -0.471016            2.27768
-20.0367      31.0208       -0.478462            2.27768
-19.9167      30.9723       -0.486106            2.27768
-19.7967      30.9231       -0.493955            2.27768
-19.6767      30.8731       -0.502018            2.27768
-19.5567      30.8223       -0.510302            2.27768
-19.4367      30.7707       -0.518815            2.27768
-19.3167      30.7183       -0.527568            2.27768
-19.1967      30.665       -0.536568            2.27768
-19.0767      30.6109       -0.545827            2.27768
-18.3767      30.2763       -0.605553            2.27768
-17.6767      29.9053       -0.676943            2.27768
-16.9767      29.491       -0.763394            2.27768
-16.2767      29.0241       -0.869664            2.27768
-15.5767      28.4928       -1.00259            2.27768
-14.8767      27.8813       -1.17227            2.27768
-14.1767      27.1683       -1.39422            2.27768
-13.4767      26.3242       -1.69314            2.27768
-12.7767      25.3077       -2.11044            2.27768
-12.0767      24.0604       -2.71953            2.27768
-11.3767      22.5023       -3.65977            2.27768
-10.6767      20.5407       -5.21635            2.27768
-9.97675      18.1705       -8.01346            2.27768
-9.27675      16.0619       -13.3752            2.27768
-8.57675      17.968       -22.4859            2.27768
-7.87675      29.2908       -27.5392            2.27768
-7.17675      36.9619       -20.827            2.27768
-6.47675      35.6247       -15.399            2.27768
-5.77675      32.0287       -15.3463            2.27768
-5.07675      30.4827       -20.6993            2.27768
-4.37675      37.7765       -27.8025            2.27768
-3.67675      49.5346       -23.2817            2.27768
-2.97675      51.8086       -13.9642            2.27768
-2.27675      49.6888       -8.39683            2.27768
-1.57675      47.2095       -5.51203            2.27768
-0.876747      45.1181       -3.93042            2.27768
-0.176747      43.4183       -2.99745            2.27768
0.523253      42.0139       -2.41617            2.27768
1.22325      40.8188       -2.04434            2.27768
1.92325      39.7671       -1.81096            2.27768
2.62325      38.8081       -1.68243            2.27768
3.32325      37.9006       -1.65071            2.27768
4.02325      37.011       -1.73527            2.27768
4.72325      36.1268       -2.00158            2.27768
5.42325      35.3429       -2.58213            2.27768
6.12325      35.0732       -3.42659            2.27768
6.82325      35.2766       -3.71494            2.27768
7.52325      34.961       -3.69823            2.27768
8.22325      34.5642       -4.11219            2.27768
8.92325      34.3508       -4.47332            2.27768
9.62325      34.0036       -5.02681            2.27768
10.3233      33.786       -5.89492            2.27768
11.0233      34.1953       -7.33376            2.27768
11.7233      35.9092       -8.02529            2.27768
12.4233      37.1708       -7.5045            2.27768
13.1233      38.2704       -6.88757            2.27768
13.8233      38.8357       -5.39765            2.27768
14.5233      38.4802       -4.33895            2.27768
15.2233      38.2175       -3.60315            2.27768
15.9233      37.7239       -2.75448            2.27768
16.6233      36.8898       -2.19951            2.27768
17.3233      36.0163       -2.02766            2.27768
18.0233      35.2972       -2.19628            2.27768
18.7233      35.0439       -2.46463            2.27768
19.4233      34.9382       -2.20368            2.27768
20.1233      34.3672       -1.82191            2.27768
20.8233      33.5892       -1.68259            2.27768
21.5233      32.7749       -1.76277            2.27768
22.2233      32.028       -2.06268            2.27768
22.9233      31.5729       -2.42463            2.27768
23.6233      31.1475       -2.3881            2.27768
24.3233      30.2687       -2.2936            2.27768
25.0233      29.1119       -2.43902            2.27768
25.7233      27.7568       -2.83256            2.27768
26.4233      26.1562       -3.53136            2.27768
27.1233      24.2238       -4.7226            2.27768
27.8233      21.9114       -6.84422            2.27768
28.5233      19.5695       -10.837            2.27768
29.2233      19.4386       -17.7378            2.27768
29.9233      25.0423       -23.5695            2.27768
30.6233      30.2901       -24.7277            2.27768
31.3233      36.2853       -26.1463            2.27768
32.0233      42.3382       -22.7425            2.27768
32.7233      45.2854       -19.2614            2.27768
33.4233      47.8489       -14.2914            2.27768
34.1233      46.8637       -9.13135            2.27768
34.8233      44.4687       -6.15861            2.27768
35.5233      42.1396       -4.61331            2.27768
36.2233      40.0801       -3.82021            2.27768
36.9233      38.2227       -3.4841            2.27768
37.6233      36.4921       -3.5271            2.27768
38.3233      34.9306       -4.00705            2.27768
39.0233      33.8452       -4.81736            2.27768
39.7233      33.0861       -5.39941            2.27768
40.4233      32.086       -6.02708            2.27768
41.1233      31.3061       -7.21965            2.27768
41.8233      31.0994       -8.26145            2.27768
42.5233      30.9798       -9.38272            2.27768
43.2233      31.6935       -9.87404            2.27768
43.9233      31.1633       -9.3665            2.27768
44.6233      29.7178       -10.0646            2.27768
45.3233      28.6961       -11.7358            2.27768
46.0233      28.43       -14.185            2.27768
46.7233      30.0185       -16.5846            2.27768
47.4233      32.3247       -16.7248            2.27768
48.1233      32.9855       -15.7923            2.27768
48.8233      32.7013       -14.8103            2.27768
49.5233      30.52       -14.1609            2.27768
50.2233      27.1374       -15.7125            2.27768
50.9233      23.8411       -19.8163            2.27768
51.6233      21.3871       -27.3151            2.27768
52.3233      24.1503       -39.9963            2.27768
53.0233      38.4722       -50.2143            2.27768
53.7233      58.551       -47.2695            2.27768
54.4233      68.1516       -31.6709            2.27768
55.1233      66.422       -19.9548            2.27768
55.8233      62.8472       -13.8374            2.27768
56.5233      59.6554       -10.0244            2.27768
57.2233      56.4721       -7.65564            2.27768
57.9233      53.6281       -6.43406            2.27768
58.6233      51.025       -6.06375            2.27768
59.3233      48.8366       -6.81581            2.27768
60.0233      48.2142       -8.64643            2.27768
60.7233      49.7102       -9.03365            2.27768
61.4233      49.8878       -7.74874            2.27768
62.1233      49.5965       -7.54985            2.27768
62.8233      50.3598       -6.72694            2.27768
63.5233      49.9495       -4.90416            2.27768
64.2233      48.588       -3.84288            2.27768
64.9233      47.1921       -3.62736            2.27768
65.6233      46.2922       -4.02306            2.27768
66.3233      46.1337       -4.16498            2.27768
67.0233      45.6445       -3.86026            2.27768
67.7233      45.0751       -3.97203            2.27768
68.4233      44.8852       -3.91122            2.27768
69.1233      44.3207       -3.54188            2.27768
69.8233      43.4016       -3.58101            2.27768
70.5233      42.641       -4.01732            2.27768
71.2233      42.026       -4.6924            2.27768
71.9233      41.8177       -5.67016            2.27768
72.6233      42.15       -6.66435            2.27768
73.3233      43.2555       -7.06423            2.27768
74.0233      43.8109       -6.50916            2.27768
74.7233      43.7844       -6.25806            2.27768
75.4233      44.0052       -6.35803            2.27768
76.1233      44.6881       -5.93696            2.27768
76.8233      44.6776       -4.89359            2.27768
77.5233      44.0494       -4.16349            2.27768
78.2233      43.1382       -3.88456            2.27768
78.9233      42.3314       -4.10478            2.27768
79.6233      41.7066       -4.62573            2.27768
80.3233      41.679       -5.50666            2.27768
81.0233      42.4213       -5.68386            2.27768
81.7233      42.5671       -4.91013            2.27768
82.4233      41.7826       -4.35151            2.27768
83.1233      40.615       -4.46186            2.27768
83.8233      39.5688       -5.47274            2.27768
84.5233      39.6638       -6.96963            2.27768
85.2233      40.3897       -7.24288            2.27768
85.9233      39.8608       -7.04905            2.27768
86.6233      38.4385       -8.24709            2.27768
87.3233      38.311       -11.6878            2.27768
88.0233      42.1068       -14.3399            2.27768
88.7233      45.3549       -12.9589            2.27768
89.4233      46.9312       -12.0144            2.27768
90.1233      48.8893       -9.8594            2.27768
90.8233      48.4109       -7.13784            2.27768
91.5233      46.7637       -6.20741            2.27768
92.2233      45.7228       -7.02152            2.27768
92.9233      46.6904       -8.25716            2.27768
93.6233      48.8894       -7.50846            2.27768
94.3233      49.4955       -5.09273            2.27768
95.0233      48.6282       -3.34247            2.27768
95.7233      47.5326       -2.42922            2.27768
96.4233      46.5647       -1.95283            2.27768
97.1233      45.7229       -1.6548            2.27768
97.8233      44.9262       -1.47122            2.27768
98.5233      44.1609       -1.39259            2.27768
99.2233      43.4128       -1.40698            2.27768
99.9233      42.6709       -1.52914            2.27768
100.623      41.9724       -1.78603            2.27768
101.323      41.3695       -2.09831            2.27768
102.023      40.7402       -2.4382            2.27768
102.723      40.0615       -2.88194            2.27768
103.423      39.2891       -3.60042            2.27768
104.123      38.7803       -4.76071            2.27768
104.823      38.7176       -5.94411            2.27768
105.523      38.8651       -7.1829            2.27768
106.223      39.5274       -8.47429            2.27768
106.923      40.7924       -9.35815            2.27768
107.623      42.0912       -9.25328            2.27768
108.323      42.5754       -8.97583            2.27768
109.023      42.9961       -9.02303            2.27768
109.723      43.4081       -8.89251            2.27768
110.423      43.489       -9.14971            2.27768
111.123      44.3522       -9.55266            2.27768
111.823      45.0832       -9.16644            2.27768
112.523      45.1724       -9.02704            2.27768
113.223      45.7138       -9.70852            2.27768
113.923      47.4997       -9.55244            2.27768
114.623      48.3931       -8.00737            2.27768
115.323      48.0214       -6.848            2.27768
116.023      47.5128       -6.62394            2.27768
116.723      47.3728       -6.92162            2.27768
117.423      48.1755       -7.63514            2.27768
118.123      50.1571       -6.87149            2.27768
118.823      50.6387       -4.65435            2.27768
119.523      49.833       -3.11816            2.27768
120.223      48.8188       -2.37246            2.27768
120.923      47.8982       -2.13871            2.27768
121.623      47.2221       -2.32766            2.27768
122.323      47.1676       -2.70278            2.27768
123.023      47.4711       -2.40523            2.27768
123.723      47.2104       -1.85449            2.27768
124.423      46.7552       -1.63253            2.27768
125.123      46.3876       -1.56835            2.27768
125.823      46.0605       -1.65753            2.27768
126.523      46.0904       -1.85736            2.27768
127.223      46.3013       -1.57183            2.27768
127.923      46.0994       -1.12118            2.27768
128.623      45.7222       -0.858583            2.27768
129.323      45.337       -0.728781            2.27768
130.023      44.9686       -0.672262            2.27768
130.723      44.6099       -0.665889            2.27768
131.423      44.2492       -0.709718            2.27768
132.123      43.8798       -0.826817            2.27768
132.823      43.529       -1.07365            2.27768
133.523      43.3539       -1.48034            2.27768
134.223      43.4799       -1.74608            2.27768
134.923      43.5114       -1.7321            2.27768
135.623      43.3197       -1.79495            2.27768
136.323      43.2206       -2.09172            2.27768
137.023      43.3959       -2.3709            2.27768
137.723      43.7571       -2.32791            2.27768
138.423      43.7906       -1.94906            2.27768
139.123      43.4916       -1.74041            2.27768
139.823      43.1639       -1.7567            2.27768
140.523      42.8702       -1.8508            2.27768
141.223      42.5069       -2.04388            2.27768
141.923      42.1835       -2.5123            2.27768
142.623      42.1651       -3.153            2.27768
143.323      42.4371       -3.64258            2.27768
144.023      42.7473       -4.07696            2.27768
144.723      43.3357       -4.3283            2.27768
145.423      43.791       -4.27663            2.27768
146.123      44.0521       -4.25606            2.27768
146.823      44.4213       -4.42384            2.27768
147.523      45.225       -4.45769            2.27768
148.223      46.0552       -3.7087            2.27768
148.923      46.0813       -2.68492            2.27768
149.623      45.6916       -2.05919            2.27768
150.323      45.2336       -1.71839            2.27768
151.023      44.7206       -1.64552            2.27768
151.723      44.3648       -1.92259            2.27768
152.423      44.4674       -2.22808            2.27768
153.123      44.5747       -2.21123            2.27768
153.823      44.6825       -2.42103            2.27768
154.523      45.3144       -2.32078            2.27768
155.223      45.526       -1.59265            2.27768
155.923      45.2516       -1.05839            2.27768
156.623      44.9051       -0.779592            2.27768
157.323      44.5882       -0.623794            2.27768
158.023      44.2961       -0.53192            2.27768
158.723      44.0238       -0.481763            2.27768
159.423      43.7644       -0.459381            2.27768
160.123      43.5092       -0.45845            2.27768
160.823      43.2495       -0.478034            2.27768
161.523      42.9756       -0.521865            2.27768
162.223      42.6767       -0.599973            2.27768
162.923      42.3402       -0.733981            2.27768
163.623      41.9578       -0.969477            2.27768
164.323      41.5563       -1.39207            2.27768
165.023      41.2673       -2.09841            2.27768
165.723      41.3795       -3.08088            2.27768
166.423      42.2326       -3.86081            2.27768
167.123      43.244       -3.74494            2.27768
167.823      43.54       -3.19709            2.27768
168.523      43.3426       -3.11549            2.27768
169.223      43.5002       -3.53142            2.27768
169.923      44.0839       -3.63127            2.27768
170.623      44.6907       -3.53699            2.27768
171.323      45.29       -2.89974            2.27768
172.023      45.2219       -2.15524            2.27768
172.723      44.9112       -1.79791            2.27768
173.423      44.6905       -1.69703            2.27768
174.123      44.6511       -1.62556            2.27768
174.823      44.5898       -1.39841            2.27768
175.523      44.3423       -1.20892            2.27768
176.223      44.0128       -1.2153            2.27768
176.923      43.7387       -1.48161            2.27768
177.623      43.8625       -1.98727            2.27768
178.323      44.502       -2.02571            2.27768
179.023      44.7378       -1.52428            2.27768
179.723      44.605       -1.21295            2.27768
180.423      44.509       -1.05001            2.27768
181.123      44.3681       -0.855425            2.27768
181.823      44.1198       -0.762267            2.27768
182.523      43.8747       -0.845312            2.27768
183.223      43.793       -1.09203            2.27768
183.923      43.9954       -1.28181            2.27768
184.623      44.3158       -1.16061            2.27768
185.323      44.3672       -0.812596            2.27768
186.023      44.2079       -0.596396            2.27768
186.723      44.0498       -0.527618            2.27768
187.423      43.9803       -0.490818            2.27768
188.123      43.9062       -0.391093            2.27768
188.823      43.7765       -0.310352            2.27768
189.523      43.6361       -0.269659            2.27768
190.223      43.4982       -0.255226            2.27768
190.923      43.361       -0.260904            2.27768
191.623      43.2194       -0.289306            2.27768
192.323      43.0694       -0.353741            2.27768
193.023      42.9188       -0.487182            2.27768
193.723      42.8367       -0.743348            2.27768
194.423      43.0261       -1.0407            2.27768
195.123      43.3918       -0.977768            2.27768
195.823      43.4553       -0.687225            2.27768
196.523      43.3122       -0.522838            2.27768
197.223      43.137       -0.495754            2.27768
197.923      42.9879       -0.567122            2.27768
198.623      42.9062       -0.740343            2.27768
199.323      43.0514       -0.925954            2.27768
200.023      43.2441       -0.811842            2.27768
200.723      43.1961       -0.656859            2.27768
201.423      43.0984       -0.61227            2.27768
202.123      42.9915       -0.600491            2.27768
202.823      42.8636       -0.662768            2.27768
203.523      42.7823       -0.789004            2.27768
204.223      42.7115       -0.97            2.27768
204.923      42.7925       -1.3134            2.27768
205.623      43.2036       -1.48876            2.27768
206.323      43.572       -1.37743            2.27768
207.023      43.8406       -1.07201            2.27768
207.723      43.8276       -0.724213            2.27768
208.423      43.6971       -0.546874            2.27768
209.123      43.6125       -0.484441            2.27768
209.823      43.6       -0.405906            2.27768
210.523      43.5452       -0.287833            2.27768
211.223      43.4548       -0.207388            2.27768
211.923      43.3677       -0.160497            2.27768
212.623      43.2913       -0.131441            2.27768
213.323      43.2248       -0.111954            2.27768
214.023      43.1659       -0.0980323            2.27768
214.723      43.1132       -0.0875989            2.27768
215.423      43.0652       -0.0794898            2.27768
216.123      43.0212       -0.0730053            2.27768
216.823      42.9803       -0.0677005            2.27768
217.523      42.9422       -0.0632795            2.27768
218.223      42.9063       -0.0595379            2.27768
218.923      42.8724       -0.0563303            2.27768
219.623      42.8401       -0.0535504            2.27768
220.323      42.8094       -0.0511189            2.27768
221.023      42.7799       -0.0489758            2.27768
221.723      42.7516       -0.0470748            2.27768
222.423      42.7243       -0.0453799            2.27768
223.123      42.698       -0.0438629            2.27768
223.823      42.6725       -0.0425016            2.27768
224.523      42.6477       -0.0412786            2.27768
225.223      42.6236       -0.0401807            2.27768
225.923      42.6001       -0.0391978            2.27768
226.623      42.5771       -0.038323            2.27768
227.323      42.5546       -0.0375524            2.27768
228.023      42.5326       -0.0368847            2.27768
228.723      42.5109       -0.0363224            2.27768
229.423      42.4895       -0.0358714            2.27768
230.123      42.4683       -0.0355429            2.27768
230.823      42.4474       -0.0353544            2.27768
231.523      42.4265       -0.0353328            2.27768
232.223      42.4055       -0.0355185            2.27768
232.923      42.3845       -0.035973            2.27768
233.623      42.3631       -0.0367909            2.27768
234.323      42.3413       -0.0381227            2.27768
235.023      42.3186       -0.0402158            2.27768
235.723      42.2948       -0.043498            2.27768
236.423      42.2693       -0.0487514            2.27768
237.123      42.2412       -0.0575069            2.27768
237.823      42.21       -0.0729908            2.27768
238.523      42.1763       -0.102383            2.27768
239.223      42.151       -0.16011            2.27768
239.923      42.1825       -0.248023            2.27768
240.623      42.2966       -0.260396            2.27768
241.323      42.3428       -0.177732            2.27768
242.023      42.321       -0.120747            2.27768
242.723      42.2904       -0.100331            2.27768
243.423      42.2763       -0.0965202            2.27768
244.123      42.2722       -0.0796717            2.27768
244.823      42.2548       -0.0585648            2.27768
245.523      42.2323       -0.045616            2.27768
246.223      42.2106       -0.0381917            2.27768
246.923      42.1907       -0.033594            2.27768
247.623      42.1724       -0.0305045            2.27768
248.323      42.1554       -0.0282876            2.27768
249.023      42.1393       -0.0266135            2.27768
249.723      42.1239       -0.0252975            2.27768
250.423      42.1093       -0.024229            2.27768
251.123      42.0951       -0.0233384            2.27768
251.823      42.0814       -0.0225796            2.27768
252.523      42.0682       -0.0219212            2.27768
253.223      42.0552       -0.0213409            2.27768
253.923      42.0426       -0.0208227            2.27768
254.623      42.0303       -0.0203547            2.27768
255.323      42.0182       -0.0199278            2.27768
256.023      42.0063       -0.0195351            2.27768
256.723      41.9947       -0.0191713            2.27768
257.423      41.9833       -0.0188321            2.27768
258.123      41.9721       -0.018514            2.27768
258.823      41.961       -0.0182143            2.27768
259.523      41.9501       -0.0179307            2.27768
260.223      41.9394       -0.0176613            2.27768
260.923      41.9288       -0.0174046            2.27768
261.623      41.9184       -0.0171593            2.27768
262.323      41.9081       -0.0169242            2.27768
263.023      41.898       -0.0166983            2.27768
263.723      41.888       -0.0164809            2.27768
264.423      41.8781       -0.0162713            2.27768
265.123      41.8683       -0.0160687            2.27768
265.823      41.8587       -0.0158727            2.27768
266.523      41.8491       -0.0156829            2.27768
267.223      41.8397       -0.0154987            2.27768
