#
#
#   Lonertzian-smoothed self-energy (both particle and hole)
#
#   k = 1.97253 fm^-1 (group = 11)     and E_F = -52.0162 MeV
#
#   Sigma^{infty} = 9.14623 MeV
#
#
#    E               Re \Sig(k,E)       Im \Sig(k,E)             k 

-280.96      7.11705       0.000884362            1.97253
-280.26      7.11014       0.000960038            1.97253
-279.56      7.10315       0.00103862            1.97253
-278.86      7.0961       0.00112027            1.97253
-278.16      7.08896       0.00120515            1.97253
-277.46      7.08174       0.00129345            1.97253
-276.76      7.07444       0.00138537            1.97253
-276.06      7.06706       0.00148114            1.97253
-275.36      7.05959       0.00158098            1.97253
-274.66      7.05203       0.00168516            1.97253
-273.96      7.04438       0.00179395            1.97253
-273.26      7.03663       0.00190768            1.97253
-272.56      7.02878       0.00202667            1.97253
-271.86      7.02084       0.00215131            1.97253
-271.16      7.01278       0.00228202            1.97253
-270.46      7.00462       0.00241924            1.97253
-269.76      6.99634       0.00256349            1.97253
-269.06      6.98795       0.00271536            1.97253
-268.36      6.97943       0.00287547            1.97253
-267.66      6.97078       0.00304455            1.97253
-266.96      6.962       0.00322342            1.97253
-266.26      6.95308       0.003413            1.97253
-265.56      6.94402       0.00361436            1.97253
-264.86      6.9348       0.00382871            1.97253
-264.16      6.92541       0.00405746            1.97253
-263.46      6.91586       0.00430223            1.97253
-262.76      6.90612       0.00456494            1.97253
-262.06      6.8962       0.00484782            1.97253
-261.36      6.88607       0.00515356            1.97253
-260.66      6.87572       0.00548535            1.97253
-259.96      6.86513       0.00584706            1.97253
-259.26      6.85429       0.00624343            1.97253
-258.56      6.84318       0.00668032            1.97253
-257.86      6.83176       0.00716508            1.97253
-257.16      6.82002       0.00770708            1.97253
-256.46      6.80791       0.00831845            1.97253
-255.76      6.7954       0.00901524            1.97253
-255.06      6.78243       0.00981912            1.97253
-254.36      6.76893       0.0107602            1.97253
-253.66      6.75483       0.0118817            1.97253
-252.96      6.74002       0.0132478            1.97253
-252.26      6.72435       0.0149588            1.97253
-251.56      6.70764       0.0171804            1.97253
-250.86      6.68965       0.0202054            1.97253
-250.16      6.67006       0.0245959            1.97253
-249.46      6.64867       0.0315129            1.97253
-248.76      6.62632       0.0432869            1.97253
-248.06      6.6086       0.0616872            1.97253
-247.36      6.60089       0.0749045            1.97253
-246.66      6.58218       0.0784467            1.97253
-245.96      6.54954       0.0965732            1.97253
-245.26      6.52196       0.144355            1.97253
-244.56      6.54474       0.216349            1.97253
-243.86      6.62438       0.219465            1.97253
-243.16      6.63903       0.162307            1.97253
-242.46      6.60798       0.139031            1.97253
-241.76      6.58983       0.147625            1.97253
-241.06      6.59138       0.139519            1.97253
-240.36      6.5682       0.121502            1.97253
-239.66      6.53787       0.124665            1.97253
-238.96      6.52419       0.13084            1.97253
-238.26      6.5037       0.117849            1.97253
-237.56      6.45886       0.110556            1.97253
-236.86      6.4019       0.123133            1.97253
-236.16      6.34135       0.160441            1.97253
-235.46      6.29228       0.225282            1.97253
-234.76      6.25433       0.300738            1.97253
-234.06      6.2112       0.431529            1.97253
-233.36      6.28108       0.656588            1.97253
-232.66      6.58221       0.783673            1.97253
-231.96      6.85673       0.590971            1.97253
-231.26      6.8736       0.352212            1.97253
-230.56      6.79973       0.220788            1.97253
-229.86      6.72195       0.157854            1.97253
-229.16      6.65863       0.131731            1.97253
-228.46      6.61839       0.119318            1.97253
-227.76      6.58553       0.0969751            1.97253
-227.06      6.54336       0.077007            1.97253
-226.36      6.49944       0.0661302            1.97253
-225.66      6.45691       0.0617867            1.97253
-224.96      6.41567       0.0629925            1.97253
-224.26      6.37636       0.0714811            1.97253
-223.56      6.34601       0.0901798            1.97253
-222.86      6.33948       0.104366            1.97253
-222.16      6.33118       0.088265            1.97253
-221.46      6.2997       0.0701868            1.97253
-220.76      6.2608       0.0625266            1.97253
-220.06      6.22229       0.0623703            1.97253
-219.36      6.18845       0.0650067            1.97253
-218.66      6.1555       0.0626776            1.97253
-217.96      6.11657       0.0596212            1.97253
-217.26      6.07434       0.0594097            1.97253
-216.56      6.03025       0.061308            1.97253
-215.86      5.98418       0.0646862            1.97253
-215.16      5.93564       0.0693501            1.97253
-214.46      5.88403       0.0753618            1.97253
-213.76      5.82862       0.0829786            1.97253
-213.06      5.76854       0.0926896            1.97253
-212.36      5.70277       0.105361            1.97253
-211.66      5.63038       0.122459            1.97253
-210.96      5.55107       0.145493            1.97253
-210.26      5.46285       0.175431            1.97253
-209.56      5.36471       0.218058            1.97253
-208.86      5.25852       0.27162            1.97253
-208.16      5.12601       0.345134            1.97253
-207.46      4.97495       0.481557            1.97253
-206.76      4.87317       0.702315            1.97253
-206.06      4.85685       0.909271            1.97253
-205.36      4.81821       1.15708            1.97253
-204.66      4.99561       1.48522            1.97253
-203.96      5.28975       1.51207            1.97253
-203.26      5.36099       1.45535            1.97253
-202.56      5.41778       1.48848            1.97253
-201.86      5.51801       1.44774            1.97253
-201.16      5.47537       1.31916            1.97253
-200.46      5.28402       1.29229            1.97253
-199.76      5.03998       1.41905            1.97253
-199.06      4.8379       1.71695            1.97253
-198.36      4.75296       2.19198            1.97253
-197.66      4.99071       2.66434            1.97253
-196.96      5.16767       2.95261            1.97253
-196.26      5.43523       3.60732            1.97253
-195.56      6.51584       4.12903            1.97253
-194.86      7.68474       3.59033            1.97253
-194.16      8.04089       2.70091            1.97253
-193.46      7.94415       2.10182            1.97253
-192.76      7.81791       1.84948            1.97253
-192.06      7.83744       1.58974            1.97253
-191.36      7.71491       1.33149            1.97253
-190.66      7.63746       1.21766            1.97253
-189.96      7.62924       1.0463            1.97253
-189.26      7.53122       0.830386            1.97253
-188.56      7.37008       0.710251            1.97253
-187.86      7.2593       0.657211            1.97253
-187.16      7.1949       0.588275            1.97253
-186.46      7.11325       0.481929            1.97253
-185.76      6.97883       0.388313            1.97253
-185.06      6.81925       0.344287            1.97253
-184.36      6.66086       0.357825            1.97253
-183.66      6.53998       0.439814            1.97253
-182.96      6.54208       0.543185            1.97253
-182.26      6.60255       0.502676            1.97253
-181.56      6.55321       0.403484            1.97253
-180.86      6.45652       0.349055            1.97253
-180.16      6.34891       0.309703            1.97253
-179.46      6.21374       0.293314            1.97253
-178.76      6.06385       0.31837            1.97253
-178.06      5.91613       0.394913            1.97253
-177.36      5.80046       0.524068            1.97253
-176.66      5.72996       0.690274            1.97253
-175.96      5.76621       0.899907            1.97253
-175.26      5.90801       0.980299            1.97253
-174.56      5.97357       1.00716            1.97253
-173.86      6.11294       1.0697            1.97253
-173.16      6.31484       0.923945            1.97253
-172.46      6.29805       0.669913            1.97253
-171.76      6.14609       0.510603            1.97253
-171.06      5.96438       0.445777            1.97253
-170.36      5.79165       0.432944            1.97253
-169.66      5.6049       0.450058            1.97253
-168.96      5.39814       0.532314            1.97253
-168.26      5.22034       0.711599            1.97253
-167.56      5.16067       0.945508            1.97253
-166.86      5.17727       1.1048            1.97253
-166.16      5.20606       1.25229            1.97253
-165.46      5.29512       1.29937            1.97253
-164.76      5.19771       1.2096            1.97253
-164.06      4.85019       1.32026            1.97253
-163.36      4.49282       1.84015            1.97253
-162.66      4.57765       2.83978            1.97253
-161.96      5.68486       3.67135            1.97253
-161.26      7.10077       3.18518            1.97253
-160.56      7.41869       2.10397            1.97253
-159.86      7.12818       1.48617            1.97253
-159.16      6.78579       1.32442            1.97253
-158.46      6.73463       1.42908            1.97253
-157.76      6.9753       1.25285            1.97253
-157.06      6.93143       0.846897            1.97253
-156.36      6.70134       0.585219            1.97253
-155.66      6.45748       0.447101            1.97253
-154.96      6.23324       0.373076            1.97253
-154.26      6.02648       0.333715            1.97253
-153.56      5.83018       0.316098            1.97253
-152.86      5.63761       0.315231            1.97253
-152.16      5.44295       0.331119            1.97253
-151.46      5.24256       0.368593            1.97253
-150.76      5.03868       0.435496            1.97253
-150.06      4.84056       0.542407            1.97253
-149.36      4.69035       0.67732            1.97253
-148.66      4.54304       0.765746            1.97253
-147.96      4.34084       0.898347            1.97253
-147.26      4.146       1.09451            1.97253
-146.56      4.01604       1.41905            1.97253
-145.86      4.17683       1.63839            1.97253
-145.16      4.14201       1.48149            1.97253
-144.46      3.73279       1.47769            1.97253
-143.76      3.2634       1.8009            1.97253
-143.06      2.92843       2.35832            1.97253
-142.36      2.76378       3.11292            1.97253
-141.66      3.07987       3.90314            1.97253
-140.96      3.45758       4.13429            1.97253
-140.26      3.29674       4.48546            1.97253
-139.56      3.2892       5.51084            1.97253
-138.86      4.03598       6.6909            1.97253
-138.16      5.57764       7.68844            1.97253
-137.46      7.83643       7.1747            1.97253
-136.76      8.5985       5.61534            1.97253
-136.06      8.53719       4.73997            1.97253
-135.36      8.46716       4.2622            1.97253
-134.66      8.49123       3.96923            1.97253
-133.96      8.58371       3.59761            1.97253
-133.26      8.51203       3.22508            1.97253
-132.56      8.33625       3.03565            1.97253
-131.86      8.3156       3.07413            1.97253
-131.16      8.56702       3.02524            1.97253
-130.46      8.90837       2.7099            1.97253
-129.76      8.98537       2.12063            1.97253
-129.06      8.80316       1.67219            1.97253
-128.36      8.5597       1.30676            1.97253
-127.66      8.23608       1.06617            1.97253
-126.96      7.93899       0.947515            1.97253
-126.26      7.71061       0.861773            1.97253
-125.56      7.46851       0.743049            1.97253
-124.86      7.15758       0.659841            1.97253
-124.16      6.81093       0.651264            1.97253
-123.46      6.43947       0.71713            1.97253
-122.76      6.03007       0.876835            1.97253
-122.06      5.5702       1.19345            1.97253
-121.36      5.08985       1.80603            1.97253
-120.66      4.81773       2.98091            1.97253
-119.96      5.7172       4.67782            1.97253
-119.26      8.10995       4.84523            1.97253
-118.56      9.18555       3.24947            1.97253
-117.86      8.96676       2.17575            1.97253
-117.16      8.69149       1.80139            1.97253
-116.46      8.71409       1.47482            1.97253
-115.76      8.57599       0.998471            1.97253
-115.06      8.28251       0.677147            1.97253
-114.36      7.99341       0.495517            1.97253
-113.66      7.74075       0.387986            1.97253
-112.96      7.52047       0.320072            1.97253
-112.26      7.32442       0.275257            1.97253
-111.56      7.14568       0.245195            1.97253
-110.86      6.97888       0.22545            1.97253
-110.16      6.81974       0.213656            1.97253
-109.46      6.66468       0.208726            1.97253
-108.76      6.51045       0.210582            1.97253
-108.06      6.3541       0.220227            1.97253
-107.36      6.19364       0.239474            1.97253
-106.66      6.02657       0.268069            1.97253
-105.96      5.84304       0.309984            1.97253
-105.26      5.63866       0.380122            1.97253
-104.56      5.41361       0.490347            1.97253
-103.86      5.15155       0.666638            1.97253
-103.16      4.86526       0.999819            1.97253
-102.46      4.71166       1.60694            1.97253
-101.76      5.10847       2.34445            1.97253
-101.06      5.90189       2.37973            1.97253
-100.36      6.10098       2.03216            1.97253
-99.66      6.11247       2.06154            1.97253
-98.96      6.3789       2.06185            1.97253
-98.26      6.53686       1.94868            1.97253
-97.56      6.8248       1.85597            1.97253
-96.86      7.03193       1.40082            1.97253
-96.16      6.85617       0.999924            1.97253
-95.46      6.62462       0.837513            1.97253
-94.76      6.49947       0.738322            1.97253
-94.06      6.35032       0.572781            1.97253
-93.36      6.12196       0.456363            1.97253
-92.66      5.88554       0.413463            1.97253
-91.96      5.67904       0.411444            1.97253
-91.26      5.48634       0.39602            1.97253
-90.56      5.25718       0.383242            1.97253
-89.86      4.99954       0.399534            1.97253
-89.16      4.71719       0.444598            1.97253
-88.46      4.40155       0.520797            1.97253
-87.76      4.03815       0.638332            1.97253
-87.06      3.60677       0.81843            1.97253
-86.36      3.07942       1.10228            1.97253
-85.66      2.4199       1.57285            1.97253
-84.96      1.59837       2.40843            1.97253
-84.26      0.693863       4.00764            1.97253
-84.14      0.561352       4.40938            1.97253
-84.02      0.449964       4.86075            1.97253
-83.9      0.36959       5.36628            1.97253
-83.78      0.33301       5.92944            1.97253
-83.66      0.356314       6.55157            1.97253
-83.54      0.459054       7.23031            1.97253
-83.42      0.663827       7.95762            1.97253
-83.3      0.994839       8.7174            1.97253
-83.18      1.475       9.48319            1.97253
-83.06      2.12125       10.217            1.97253
-82.94      2.93841       10.8705            1.97253
-82.82      3.91308       11.3897            1.97253
-82.7      5.00994       11.7239            1.97253
-82.58      6.17345       11.8366            1.97253
-82.46      7.33581       11.7147            1.97253
-82.34      8.42943       11.3721            1.97253
-82.22      9.39936       10.846            1.97253
-82.1      10.211       10.1875            1.97253
-81.98      10.8517       9.45049            1.97253
-81.86      11.3268       8.68292            1.97253
-81.74      11.6535       7.92245            1.97253
-81.62      11.8549       7.19515            1.97253
-81.5      11.9551       6.5168            1.97253
-81.38      11.9766       5.89522            1.97253
-81.26      11.9388       5.3326            1.97253
-81.14      11.8579       4.82752            1.97253
-81.02      11.7463       4.37645            1.97253
-80.9      11.614       3.97483            1.97253
-80.78      11.4684       3.61772            1.97253
-80.66      11.3149       3.30027            1.97253
-80.54      11.1577       3.01786            1.97253
-80.42      10.9998       2.76631            1.97253
-80.3      10.8432       2.54186            1.97253
-80.18      10.6894       2.34116            1.97253
-80.06      10.5393       2.16131            1.97253
-79.94      10.3937       1.99976            1.97253
-79.82      10.253       1.85428            1.97253
-79.7      10.1172       1.72296            1.97253
-79.58      9.98649       1.60413            1.97253
-79.46      9.86085       1.49633            1.97253
-79.34      9.74016       1.39831            1.97253
-79.22      9.6243       1.30896            1.97253
-79.1      9.51308       1.22734            1.97253
-78.98      9.40633       1.15261            1.97253
-78.86      9.30384       1.08404            1.97253
-78.74      9.20541       1.02099            1.97253
-78.62      9.11085       0.962897            1.97253
-78.5      9.01996       0.90927            1.97253
-78.38      8.93255       0.85967            1.97253
-78.26      8.84843       0.813713            1.97253
-78.14      8.76743       0.771055            1.97253
-78.02      8.68939       0.731392            1.97253
-77.9      8.61414       0.694453            1.97253
-77.78      8.54153       0.659998            1.97253
-77.66      8.47143       0.62781            1.97253
-77.54      8.4037       0.597695            1.97253
-77.42      8.33821       0.56948            1.97253
-77.3      8.27485       0.543009            1.97253
-77.18      8.2135       0.51814            1.97253
-77.06      8.15407       0.494747            1.97253
-76.94      8.09644       0.472714            1.97253
-76.82      8.04053       0.451938            1.97253
-76.7      7.98626       0.432324            1.97253
-76.58      7.93353       0.413786            1.97253
-76.46      7.88228       0.396245            1.97253
-76.34      7.83243       0.37963            1.97253
-76.22      7.78392       0.363877            1.97253
-76.1      7.73667       0.348924            1.97253
-75.98      7.69063       0.334719            1.97253
-75.86      7.64574       0.321209            1.97253
-75.74      7.60195       0.308351            1.97253
-75.62      7.55921       0.2961            1.97253
-75.5      7.51747       0.284419            1.97253
-75.38      7.47668       0.273271            1.97253
-75.26      7.43681       0.262623            1.97253
-75.14      7.3978       0.252444            1.97253
-75.02      7.35963       0.242705            1.97253
-74.9      7.32226       0.233382            1.97253
-74.78      7.28565       0.224448            1.97253
-74.66      7.24977       0.215881            1.97253
-74.54      7.21459       0.207661            1.97253
-74.42      7.18008       0.199768            1.97253
-74.3      7.14621       0.192183            1.97253
-74.18      7.11296       0.184889            1.97253
-74.06      7.0803       0.177871            1.97253
-73.94      7.0482       0.171113            1.97253
-73.82      7.01665       0.164602            1.97253
-73.7      6.98563       0.158325            1.97253
-73.58      6.9551       0.15227            1.97253
-73.46      6.92506       0.146425            1.97253
-73.34      6.89549       0.140779            1.97253
-73.22      6.86635       0.135322            1.97253
-73.1      6.83765       0.130046            1.97253
-72.98      6.80936       0.124941            1.97253
-72.86      6.78147       0.119998            1.97253
-72.74      6.75396       0.115211            1.97253
-72.62      6.72681       0.110571            1.97253
-72.5      6.70002       0.106071            1.97253
-72.38      6.67357       0.101706            1.97253
-72.26      6.64745       0.0974681            1.97253
-72.14      6.62164       0.093352            1.97253
-72.02      6.59614       0.0893521            1.97253
-71.9      6.57093       0.0854632            1.97253
-71.78      6.546       0.0816803            1.97253
-71.66      6.52135       0.0779985            1.97253
-71.54      6.49695       0.0744135            1.97253
-71.42      6.47281       0.0709209            1.97253
-71.3      6.44892       0.0675167            1.97253
-71.18      6.42525       0.0641971            1.97253
-71.06      6.40182       0.0609585            1.97253
-70.94      6.3786       0.0577972            1.97253
-70.82      6.35559       0.0547101            1.97253
-70.7      6.33278       0.051694            1.97253
-70.58      6.31017       0.0487458            1.97253
-70.46      6.28775       0.0458628            1.97253
-70.34      6.26551       0.0430422            1.97253
-70.22      6.24344       0.0402813            1.97253
-70.1      6.22154       0.0375777            1.97253
-69.98      6.1998       0.034929            1.97253
-69.86      6.17821       0.0323329            1.97253
-69.74      6.15678       0.0297872            1.97253
-69.62      6.13549       0.0272899            1.97253
-69.5      6.11433       0.024839            1.97253
-69.38      6.09331       0.0224325            1.97253
-69.26      6.07242       0.0200686            1.97253
-69.14      6.05165       0.0177456            1.97253
-69.02      6.031       0.0154617            1.97253
-68.9      6.01046       0.0132153            1.97253
-68.78      5.99003       0.0110048            1.97253
-68.66      5.96971       0.00882885            1.97253
-68.54      5.94948       0.00668586            1.97253
-68.42      5.92935       0.00457447            1.97253
-68.3      5.90931       0.00249334            1.97253
-68.18      5.88935       0.00044117            1.97253
-68.06      5.86948       -0.00158329            1.97253
-67.94      5.84969       -0.00358125            1.97253
-67.82      5.82997       -0.00555387            1.97253
-67.7      5.81032       -0.00750229            1.97253
-67.58      5.79075       -0.0094276            1.97253
-67.46      5.77123       -0.0113308            1.97253
-67.34      5.75178       -0.0132131            1.97253
-67.22      5.73238       -0.0150753            1.97253
-67.1      5.71304       -0.0169184            1.97253
-66.98      5.69375       -0.0187433            1.97253
-66.86      5.67451       -0.0205511            1.97253
-66.74      5.65531       -0.0223425            1.97253
-66.62      5.63615       -0.0241184            1.97253
-66.5      5.61703       -0.0258797            1.97253
-66.38      5.59794       -0.0276271            1.97253
-66.26      5.57889       -0.0293616            1.97253
-66.14      5.55986       -0.0310837            1.97253
-66.02      5.54086       -0.0327944            1.97253
-65.9      5.52189       -0.0344943            1.97253
-65.78      5.50293       -0.0361842            1.97253
-65.66      5.484       -0.0378648            1.97253
-65.54      5.46507       -0.0395368            1.97253
-65.42      5.44616       -0.0412009            1.97253
-65.3      5.42726       -0.0428577            1.97253
-65.18      5.40837       -0.0445079            1.97253
-65.06      5.38948       -0.0461522            1.97253
-64.94      5.37059       -0.0477912            1.97253
-64.82      5.3517       -0.0494255            1.97253
-64.7      5.33281       -0.0510558            1.97253
-64.58      5.31391       -0.0526827            1.97253
-64.46      5.29501       -0.0543068            1.97253
-64.34      5.27609       -0.0559287            1.97253
-64.22      5.25715       -0.057549            1.97253
-64.1      5.23821       -0.0591682            1.97253
-63.98      5.21924       -0.0607871            1.97253
-63.86      5.20025       -0.0624062            1.97253
-63.74      5.18124       -0.0640259            1.97253
-63.62      5.1622       -0.0656471            1.97253
-63.5      5.14313       -0.0672701            1.97253
-63.38      5.12403       -0.0688957            1.97253
-63.26      5.1049       -0.0705243            1.97253
-63.14      5.08573       -0.0721566            1.97253
-63.02      5.06652       -0.0737931            1.97253
-62.9      5.04727       -0.0754345            1.97253
-62.78      5.02798       -0.0770812            1.97253
-62.66      5.00864       -0.0787339            1.97253
-62.54      4.98925       -0.0803932            1.97253
-62.42      4.96981       -0.0820597            1.97253
-62.3      4.95031       -0.0837339            1.97253
-62.18      4.93076       -0.0854165            1.97253
-62.06      4.91115       -0.087108            1.97253
-61.94      4.89148       -0.0888092            1.97253
-61.82      4.87174       -0.0905205            1.97253
-61.7      4.85194       -0.0922427            1.97253
-61.58      4.83207       -0.0939763            1.97253
-61.46      4.81212       -0.0957221            1.97253
-61.34      4.7921       -0.0974806            1.97253
-61.22      4.772       -0.0992526            1.97253
-61.1      4.75182       -0.101039            1.97253
-60.98      4.73155       -0.102839            1.97253
-60.86      4.7112       -0.104656            1.97253
-60.74      4.69076       -0.106488            1.97253
-60.62      4.67022       -0.108338            1.97253
-60.5      4.64959       -0.110205            1.97253
-60.38      4.62887       -0.11209            1.97253
-60.26      4.60804       -0.113995            1.97253
-60.14      4.5871       -0.11592            1.97253
-60.02      4.56606       -0.117865            1.97253
-59.9      4.5449       -0.119832            1.97253
-59.78      4.52363       -0.121822            1.97253
-59.66      4.50225       -0.123835            1.97253
-59.54      4.48074       -0.125872            1.97253
-59.42      4.4591       -0.127934            1.97253
-59.3      4.43734       -0.130023            1.97253
-59.18      4.41545       -0.132138            1.97253
-59.06      4.39342       -0.134282            1.97253
-58.94      4.37125       -0.136454            1.97253
-58.82      4.34893       -0.138657            1.97253
-58.7      4.32647       -0.140891            1.97253
-58.58      4.30386       -0.143157            1.97253
-58.46      4.28109       -0.145456            1.97253
-58.34      4.25817       -0.147791            1.97253
-58.22      4.23507       -0.150161            1.97253
-58.1      4.21181       -0.152568            1.97253
-57.98      4.18838       -0.155014            1.97253
-57.86      4.16477       -0.1575            1.97253
-57.74      4.14098       -0.160027            1.97253
-57.62      4.117       -0.162597            1.97253
-57.5      4.09282       -0.16521            1.97253
-57.38      4.06845       -0.16787            1.97253
-57.26      4.04388       -0.170577            1.97253
-57.14      4.0191       -0.173333            1.97253
-57.02      3.99411       -0.176139            1.97253
-56.9      3.96889       -0.178999            1.97253
-56.78      3.94346       -0.181912            1.97253
-56.66      3.91779       -0.184882            1.97253
-56.54      3.89188       -0.187911            1.97253
-56.42      3.86573       -0.191            1.97253
-56.3      3.83933       -0.194151            1.97253
-56.18      3.81268       -0.197368            1.97253
-56.06      3.78575       -0.200652            1.97253
-55.94      3.75856       -0.204005            1.97253
-55.82      3.73109       -0.207431            1.97253
-55.7      3.70334       -0.210932            1.97253
-55.58      3.67529       -0.214511            1.97253
-55.46      3.64694       -0.21817            1.97253
-55.34      3.61828       -0.221913            1.97253
-55.22      3.5893       -0.225743            1.97253
-55.1      3.55999       -0.229663            1.97253
-54.98      3.53034       -0.233677            1.97253
-54.86      3.50035       -0.237788            1.97253
-54.74      3.47001       -0.242            1.97253
-54.62      3.43929       -0.246318            1.97253
-54.5      3.4082       -0.250744            1.97253
-54.38      3.37672       -0.255284            1.97253
-54.26      3.34484       -0.259942            1.97253
-54.26       0       0


-49.7967       0       0
-49.7967      1.71139       -0.595391            1.97253
-49.6767      1.64853       -0.612638            1.97253
-49.5567      1.5841       -0.630685            1.97253
-49.4367      1.51805       -0.649585            1.97253
-49.3167      1.4503       -0.669392            1.97253
-49.1967      1.38076       -0.690167            1.97253
-49.0767      1.30937       -0.711975            1.97253
-48.9567      1.23603       -0.734886            1.97253
-48.8367      1.16065       -0.758979            1.97253
-48.7167      1.08314       -0.784335            1.97253
-48.5967      1.00339       -0.811047            1.97253
-48.4767      0.9213       -0.839212            1.97253
-48.3567      0.836747       -0.868941            1.97253
-48.2367      0.749611       -0.90035            1.97253
-48.1167      0.659761       -0.93357            1.97253
-47.9967      0.567059       -0.968742            1.97253
-47.8767      0.471357       -1.00602            1.97253
-47.7567      0.3725       -1.04559            1.97253
-47.6367      0.270318       -1.08762            1.97253
-47.5167      0.164637       -1.13234            1.97253
-47.3967      0.0552654       -1.17996            1.97253
-47.2767      -0.0579962       -1.23075            1.97253
-47.1567      -0.175362       -1.285            1.97253
-47.0367      -0.297058       -1.34301            1.97253
-46.9167      -0.423326       -1.40515            1.97253
-46.7967      -0.554421       -1.4718            1.97253
-46.6767      -0.690614       -1.54341            1.97253
-46.5567      -0.832191       -1.62047            1.97253
-46.4367      -0.979451       -1.70353            1.97253
-46.3167      -1.13271       -1.79323            1.97253
-46.1967      -1.2923       -1.89026            1.97253
-46.0767      -1.45856       -1.99542            1.97253
-45.9567      -1.63184       -2.10963            1.97253
-45.8367      -1.81251       -2.2339            1.97253
-45.7167      -2.00091       -2.36941            1.97253
-45.5967      -2.19739       -2.5175            1.97253
-45.4767      -2.4023       -2.67968            1.97253
-45.3567      -2.61591       -2.85772            1.97253
-45.2367      -2.83846       -3.05361            1.97253
-45.1167      -3.07012       -3.26968            1.97253
-44.9967      -3.3109       -3.50858            1.97253
-44.8767      -3.56064       -3.77337            1.97253
-44.7567      -3.81894       -4.06759            1.97253
-44.6367      -4.08503       -4.39529            1.97253
-44.5167      -4.35766       -4.76116            1.97253
-44.3967      -4.63493       -5.17052            1.97253
-44.2767      -4.91404       -5.62949            1.97253
-44.1567      -5.19098       -6.14491            1.97253
-44.0367      -5.46017       -6.72443            1.97253
-43.9167      -5.71388       -7.37638            1.97253
-43.7967      -5.94166       -8.10952            1.97253
-43.6767      -6.12951       -8.93263            1.97253
-43.5567      -6.25904       -9.85361            1.97253
-43.4367      -6.30658       -10.8783            1.97253
-43.3167      -6.24245       -12.0082            1.97253
-43.1967      -6.03081       -13.2379            1.97253
-43.0767      -5.63062       -14.5513            1.97253
-42.9567      -4.99854       -15.917            1.97253
-42.8367      -4.09459       -17.2847            1.97253
-42.7167      -2.89093       -18.5836            1.97253
-42.5967      -1.38309       -19.7251            1.97253
-42.4767      0.399441       -20.6123            1.97253
-42.3567      2.38777       -21.1571            1.97253
-42.2367      4.4782       -21.2995            1.97253
-42.1167      6.54808       -21.023            1.97253
-41.9967      8.47864       -20.3596            1.97253
-41.8767      10.1764       -19.3806            1.97253
-41.7567      11.5853       -18.179            1.97253
-41.6367      12.6881       -16.8505            1.97253
-41.5167      13.4982       -15.4786            1.97253
-41.3967      14.0485       -14.1275            1.97253
-41.2767      14.3809       -12.8409            1.97253
-41.1567      14.5385       -11.6447            1.97253
-41.0367      14.5608       -10.5511            1.97253
-40.9167      14.4817       -9.56286            1.97253
-40.7967      14.3288       -8.67675            1.97253
-40.6767      14.124       -7.88609            1.97253
-40.5567      13.8841       -7.18256            1.97253
-40.4367      13.6219       -6.55734            1.97253
-40.3167      13.3469       -6.00176            1.97253
-40.1967      13.066       -5.5077            1.97253
-40.0767      12.7842       -5.06778            1.97253
-39.9567      12.5051       -4.67538            1.97253
-39.8367      12.2312       -4.32466            1.97253
-39.7167      11.9641       -4.01051            1.97253
-39.5967      11.705       -3.72847            1.97253
-39.4767      11.4544       -3.47465            1.97253
-39.3567      11.2126       -3.24569            1.97253
-39.2367      10.9798       -3.03865            1.97253
-39.1167      10.7559       -2.85101            1.97253
-38.9967      10.5407       -2.68055            1.97253
-38.8767      10.334       -2.52537            1.97253
-38.7567      10.1353       -2.38377            1.97253
-38.6367      9.94448       -2.25431            1.97253
-38.5167      9.76106       -2.13571            1.97253
-38.3967      9.58473       -2.02684            1.97253
-38.2767      9.41511       -1.92672            1.97253
-38.1567      9.25185       -1.83449            1.97253
-38.0367      9.09463       -1.74937            1.97253
-37.9167      8.9431       -1.6707            1.97253
-37.7967      8.79697       -1.59786            1.97253
-37.6767      8.65592       -1.53033            1.97253
-37.5567      8.51968       -1.46764            1.97253
-37.4367      8.38797       -1.40935            1.97253
-37.3167      8.26055       -1.3551            1.97253
-37.1967      8.13718       -1.30453            1.97253
-37.0767      8.01763       -1.25736            1.97253
-36.9567      7.90169       -1.21329            1.97253
-36.8367      7.78916       -1.1721            1.97253
-36.7167      7.67984       -1.13355            1.97253
-36.5967      7.57358       -1.09744            1.97253
-36.4767      7.47018       -1.06359            1.97253
-36.3567      7.36951       -1.03185            1.97253
-36.2367      7.27141       -1.00205            1.97253
-36.1167      7.17574       -0.974058            1.97253
-35.9967      7.08238       -0.947757            1.97253
-35.8767      6.99118       -0.923032            1.97253
-35.7567      6.90205       -0.899778            1.97253
-35.6367      6.81486       -0.877902            1.97253
-35.5167      6.72951       -0.857319            1.97253
-35.3967      6.64591       -0.837949            1.97253
-35.2767      6.56395       -0.819721            1.97253
-35.1567      6.48355       -0.802569            1.97253
-35.0367      6.40462       -0.786433            1.97253
-34.9167      6.32708       -0.771257            1.97253
-34.7967      6.25086       -0.756992            1.97253
-34.6767      6.17587       -0.74359            1.97253
-34.5567      6.10205       -0.73101            1.97253
-34.4367      6.02933       -0.719214            1.97253
-34.3167      5.95765       -0.708165            1.97253
-34.1967      5.88694       -0.697832            1.97253
-34.0767      5.81715       -0.688185            1.97253
-33.9567      5.74821       -0.6792            1.97253
-33.8367      5.68006       -0.670851            1.97253
-33.7167      5.61267       -0.663118            1.97253
-33.5967      5.54597       -0.655982            1.97253
-33.4767      5.47991       -0.649427            1.97253
-33.3567      5.41445       -0.643439            1.97253
-33.2367      5.34953       -0.638006            1.97253
-33.1167      5.28511       -0.633118            1.97253
-32.9967      5.22114       -0.628767            1.97253
-32.8767      5.15758       -0.624949            1.97253
-32.7567      5.09438       -0.621661            1.97253
-32.6367      5.0315       -0.618901            1.97253
-32.5167      4.96889       -0.616672            1.97253
-32.3967      4.90651       -0.614977            1.97253
-32.2767      4.84431       -0.613824            1.97253
-32.1567      4.78227       -0.613221            1.97253
-32.0367      4.72032       -0.613183            1.97253
-31.9167      4.65843       -0.613725            1.97253
-31.7967      4.59655       -0.614867            1.97253
-31.6767      4.53464       -0.616632            1.97253
-31.5567      4.47266       -0.61905            1.97253
-31.4367      4.41056       -0.622153            1.97253
-31.3167      4.3483       -0.625982            1.97253
-31.1967      4.28584       -0.630581            1.97253
-31.0767      4.22313       -0.636003            1.97253
-30.9567      4.16013       -0.642312            1.97253
-30.8367      4.0968       -0.649576            1.97253
-30.7167      4.0331       -0.657879            1.97253
-30.5967      3.96899       -0.667315            1.97253
-30.4767      3.90445       -0.677993            1.97253
-30.3567      3.83946       -0.690039            1.97253
-30.2367      3.77399       -0.703597            1.97253
-30.1167      3.70806       -0.718832            1.97253
-29.9967      3.64169       -0.735932            1.97253
-29.8767      3.57492       -0.755111            1.97253
-29.7567      3.50785       -0.776606            1.97253
-29.6367      3.4406       -0.800681            1.97253
-29.5167      3.37339       -0.82762            1.97253
-29.3967      3.30648       -0.857721            1.97253
-29.2767      3.24028       -0.891273            1.97253
-29.1567      3.1753       -0.928534            1.97253
-29.0367      3.11221       -0.969683            1.97253
-28.9167      3.05183       -1.01476            1.97253
-28.7967      2.99513       -1.06356            1.97253
-28.6767      2.94316       -1.11557            1.97253
-28.5567      2.89693       -1.16984            1.97253
-28.4367      2.85722       -1.22492            1.97253
-28.3167      2.82431       -1.27895            1.97253
-28.1967      2.79774       -1.32984            1.97253
-28.0767      2.77613       -1.37565            1.97253
-27.9567      2.75727       -1.41506            1.97253
-27.8367      2.7385       -1.44777            1.97253
-27.7167      2.71723       -1.47465            1.97253
-27.5967      2.69151       -1.49753            1.97253
-27.4767      2.66037       -1.51883            1.97253
-27.3567      2.62393       -1.54094            1.97253
-27.2367      2.58319       -1.56586            1.97253
-27.1167      2.53969       -1.59486            1.97253
-26.9967      2.49518       -1.62841            1.97253
-26.8767      2.45123       -1.6662            1.97253
-26.7567      2.40891       -1.70735            1.97253
-26.6367      2.36861       -1.75071            1.97253
-26.5167      2.32999       -1.79528            1.97253
-26.3967      2.29222       -1.84048            1.97253
-26.2767      2.25423       -1.88641            1.97253
-26.1567      2.21507       -1.93373            1.97253
-26.0367      2.17413       -1.98358            1.97253
-25.9167      2.13112       -2.03736            1.97253
-25.7967      2.08613       -2.09672            1.97253
-25.6767      2.03967       -2.16359            1.97253
-25.5567      1.99286       -2.24013            1.97253
-25.4367      1.94767       -2.32864            1.97253
-25.3167      1.90714       -2.43128            1.97253
-25.1967      1.87553       -2.54959            1.97253
-25.0767      1.85824       -2.68406            1.97253
-24.9567      1.86163       -2.83349            1.97253
-24.8367      1.89252       -2.99445            1.97253
-24.7167      1.95749       -3.16073            1.97253
-24.5967      2.06161       -3.32306            1.97253
-24.4767      2.20694       -3.4694            1.97253
-24.3567      2.391       -3.58614            1.97253
-24.2367      2.60576       -3.66021            1.97253
-24.1167      2.83793       -3.68189            1.97253
-23.9967      3.07091       -3.64713            1.97253
-23.8767      3.28783       -3.5587            1.97253
-23.7567      3.47469       -3.42529            1.97253
-23.6367      3.62246       -3.25928            1.97253
-23.5167      3.72756       -3.07401            1.97253
-23.3967      3.79098       -2.88151            1.97253
-23.2767      3.81679       -2.69133            1.97253
-23.1567      3.8106       -2.51014            1.97253
-23.0367      3.7784       -2.34207            1.97253
-22.9167      3.7258       -2.18923            1.97253
-22.7967      3.65771       -2.05233            1.97253
-22.6767      3.57817       -1.93112            1.97253
-22.5567      3.49043       -1.82483            1.97253
-22.4367      3.39702       -1.73242            1.97253
-22.3167      3.29986       -1.65275            1.97253
-22.1967      3.20042       -1.58473            1.97253
-22.0767      3.09981       -1.52736            1.97253
-21.9567      2.99893       -1.47978            1.97253
-21.8367      2.89851       -1.44125            1.97253
-21.7167      2.79926       -1.41117            1.97253
-21.5967      2.70184       -1.38898            1.97253
-21.4767      2.60698       -1.37416            1.97253
-21.3567      2.51548       -1.36618            1.97253
-21.2367      2.42821       -1.36436            1.97253
-21.1167      2.34614       -1.36784            1.97253
-20.9967      2.27019       -1.37547            1.97253
-20.8767      2.20116       -1.38569            1.97253
-20.7567      2.13953       -1.39655            1.97253
-20.6367      2.08519       -1.4058            1.97253
-20.5167      2.03723       -1.41109            1.97253
-20.3967      1.99391       -1.41037            1.97253
-20.2767      1.95274       -1.40233            1.97253
-20.1567      1.91092       -1.38664            1.97253
-20.0367      1.86581       -1.36407            1.97253
-19.9167      1.81539       -1.33619            1.97253
-19.7967      1.75848       -1.30502            1.97253
-19.6767      1.69476       -1.27259            1.97253
-19.5567      1.62454       -1.24063            1.97253
-19.4367      1.54853       -1.21044            1.97253
-19.3167      1.46763       -1.18289            1.97253
-19.1967      1.38272       -1.15846            1.97253
-19.0767      1.29464       -1.13736            1.97253
-18.3767      0.745722       -1.07546            1.97253
-17.6767      0.170281       -1.08644            1.97253
-16.9767      -0.438388       -1.13576            1.97253
-16.2767      -1.10213       -1.2246            1.97253
-15.5767      -1.83365       -1.35907            1.97253
-14.8767      -2.65282       -1.54666            1.97253
-14.1767      -3.58778       -1.80319            1.97253
-13.4767      -4.67656       -2.15677            1.97253
-12.7767      -5.97157       -2.65571            1.97253
-12.0767      -7.54656       -3.38539            1.97253
-11.3767      -9.50463       -4.50519            1.97253
-10.6767      -11.9782       -6.33373            1.97253
-9.97675      -15.0642       -9.55603            1.97253
-9.27675      -18.3905       -15.6962            1.97253
-8.57675      -18.8951       -27.4097            1.97253
-7.87675      -6.35359       -41.3775            1.97253
-7.17675      14.3299       -36.6843            1.97253
-6.47675      19.4786       -22.5719            1.97253
-5.77675      16.4156       -14.3998            1.97253
-5.07675      12.1704       -11.1067            1.97253
-4.37675      8.26624       -10.9777            1.97253
-3.67675      5.6379       -13.8951            1.97253
-2.97675      7.58313       -19.4366            1.97253
-2.27675      15.9543       -19.6897            1.97253
-1.57675      19.5595       -12.889            1.97253
-0.876747      18.1813       -7.87249            1.97253
-0.176747      15.9585       -5.25135            1.97253
0.523253      13.9454       -3.86269            1.97253
1.22325      12.2283       -3.09199            1.97253
1.92325      10.7363       -2.67426            1.97253
2.62325      9.39963       -2.51195            1.97253
3.32325      8.20793       -2.60693            1.97253
4.02325      7.32788       -2.93194            1.97253
4.72325      6.79743       -3.02584            1.97253
5.42325      5.96006       -2.89298            1.97253
6.12325      4.89691       -3.07215            1.97253
6.82325      3.89165       -3.47767            1.97253
7.52325      2.76103       -4.10313            1.97253
8.22325      1.6464       -5.2422            1.97253
8.92325      0.799473       -7.05385            1.97253
9.62325      0.986372       -9.51704            1.97253
10.3233      2.6337       -11.6914            1.97253
11.0233      5.53659       -12.4164            1.97253
11.7233      7.88341       -10.6702            1.97253
12.4233      7.61553       -8.41213            1.97253
13.1233      6.16013       -7.78804            1.97253
13.8233      4.93358       -8.46658            1.97253
14.5233      4.43698       -10.1746            1.97253
15.2233      5.74174       -12.2897            1.97253
15.9233      8.66357       -12.5508            1.97253
16.6233      10.5707       -10.7069            1.97253
17.3233      10.5866       -8.47025            1.97253
18.0233      9.40499       -7.53502            1.97253
18.7233      8.7418       -7.68727            1.97253
19.4233      8.57803       -8.04763            1.97253
20.1233      9.14988       -8.30639            1.97253
20.8233      9.86213       -8.07483            1.97253
21.5233      10.9134       -6.9682            1.97253
22.2233      10.5723       -5.00302            1.97253
22.9233      9.1876       -3.85998            1.97253
23.6233      7.63785       -3.55067            1.97253
24.3233      6.1892       -3.94789            1.97253
25.0233      5.32123       -5.09205            1.97253
25.7233      5.82247       -5.93068            1.97253
26.4233      5.92065       -5.17508            1.97253
27.1233      4.57574       -4.67857            1.97253
27.8233      2.658       -5.22323            1.97253
28.5233      0.580611       -7.11531            1.97253
29.2233      -0.751632       -11.2564            1.97253
29.9233      2.28733       -17.4309            1.97253
30.6233      10.6581       -17.7608            1.97253
31.3233      13.772       -12.3399            1.97253
32.0233      12.9621       -9.32797            1.97253
32.7233      12.6932       -8.09302            1.97253
33.4233      12.4329       -6.47095            1.97253
34.1233      11.7553       -5.37681            1.97253
34.8233      11.224       -4.24451            1.97253
35.5233      10.1684       -3.17742            1.97253
36.2233      8.90796       -2.58303            1.97253
36.9233      7.67541       -2.3236            1.97253
37.6233      6.48116       -2.29532            1.97253
38.3233      5.30406       -2.50054            1.97253
39.0233      4.20896       -3.03489            1.97253
39.7233      3.55285       -3.89459            1.97253
40.4233      3.48239       -4.27414            1.97253
41.1233      2.80069       -4.11445            1.97253
41.8233      1.59111       -4.51303            1.97253
42.5233      0.65621       -5.55876            1.97253
43.2233      0.238827       -6.64954            1.97253
43.9233      0.130221       -7.61897            1.97253
44.6233      0.0703733       -8.05212            1.97253
45.3233      -0.595659       -8.54823            1.97253
46.0233      -1.23488       -9.4794            1.97253
46.7233      -1.86109       -10.4645            1.97253
47.4233      -2.74185       -11.9142            1.97253
48.1233      -2.99497       -14.4607            1.97253
48.8233      -1.29678       -16.1355            1.97253
49.5233      -0.986771       -15.6771            1.97253
50.2233      -3.04214       -16.677            1.97253
50.9233      -4.38098       -20.7997            1.97253
51.6233      -2.65048       -24.8415            1.97253
52.3233      -2.293       -28.3957            1.97253
53.0233      0.820534       -37.3541            1.97253
53.7233      15.4161       -42.6451            1.97253
54.4233      27.8106       -33.4422            1.97253
55.1233      29.672       -23.2757            1.97253
55.8233      28.0712       -16.4113            1.97253
56.5233      24.7922       -12.3608            1.97253
57.2233      21.9111       -10.9498            1.97253
57.9233      20.2927       -10.1131            1.97253
58.6233      18.1019       -9.37723            1.97253
59.3233      15.754       -10.5636            1.97253
60.0233      15.4449       -13.6375            1.97253
60.7233      19.1129       -16.0397            1.97253
61.4233      23.5741       -13.0849            1.97253
62.1233      23.5924       -8.65006            1.97253
62.8233      21.7597       -6.31125            1.97253
63.5233      20.2581       -5.5268            1.97253
64.2233      19.5873       -4.82155            1.97253
64.9233      18.584       -3.78643            1.97253
65.6233      17.2221       -3.22155            1.97253
66.3233      15.9527       -3.20635            1.97253
67.0233      15.1742       -3.54695            1.97253
67.7233      14.8373       -3.48733            1.97253
68.4233      14.0812       -3.18833            1.97253
69.1233      13.1013       -3.23432            1.97253
69.8233      12.2123       -3.62157            1.97253
70.5233      11.4621       -4.15001            1.97253
71.2233      10.7169       -5.15602            1.97253
71.9233      11.1217       -6.72007            1.97253
72.6233      12.5079       -6.69513            1.97253
73.3233      12.4998       -5.86312            1.97253
74.0233      11.9673       -5.80375            1.97253
74.7233      11.6742       -6.06841            1.97253
75.4233      11.5399       -6.40729            1.97253
76.1233      11.5801       -6.85144            1.97253
76.8233      12.0538       -7.28565            1.97253
77.5233      12.7124       -6.90154            1.97253
78.2233      12.6248       -6.37044            1.97253
78.9233      12.4013       -6.19646            1.97253
79.6233      12.2506       -5.96228            1.97253
80.3233      11.8447       -5.76235            1.97253
81.0233      11.3372       -5.89278            1.97253
81.7233      11.0519       -6.07578            1.97253
82.4233      10.621       -6.33937            1.97253
83.1233      10.3396       -6.93966            1.97253
83.8233      10.4637       -7.43314            1.97253
84.5233      10.6485       -7.73882            1.97253
85.2233      10.6022       -7.6779            1.97253
85.9233      9.92277       -8.11779            1.97253
86.6233      10.0346       -9.54503            1.97253
87.3233      11.0385       -9.89639            1.97253
88.0233      10.8895       -9.94867            1.97253
88.7233      10.7204       -11.6378            1.97253
89.4233      13.2831       -13.4899            1.97253
90.1233      16.1248       -11.8674            1.97253
90.8233      16.1425       -10.1033            1.97253
91.5233      15.9725       -9.91258            1.97253
92.2233      16.8118       -9.92025            1.97253
92.9233      17.9033       -9.27983            1.97253
93.6233      19.0422       -7.83928            1.97253
94.3233      18.9969       -5.60278            1.97253
95.0233      17.7918       -4.12086            1.97253
95.7233      16.4812       -3.58851            1.97253
96.4233      15.554       -3.62448            1.97253
97.1233      15.047       -3.7769            1.97253
97.8233      15.0047       -3.78959            1.97253
98.5233      14.7987       -3.13408            1.97253
99.2233      13.9435       -2.61937            1.97253
99.9233      12.934       -2.58132            1.97253
100.623      12.0821       -2.90544            1.97253
101.323      11.4815       -3.36228            1.97253
102.023      11.052       -3.76069            1.97253
102.723      10.5683       -4.10045            1.97253
103.423      9.96708       -4.59699            1.97253
104.123      9.43504       -5.39484            1.97253
104.823      9.12009       -6.32632            1.97253
105.523      8.99465       -7.5481            1.97253
106.223      9.39185       -8.92994            1.97253
106.923      10.6392       -10.0448            1.97253
107.623      12.1232       -9.9749            1.97253
108.323      12.4578       -9.43359            1.97253
109.023      12.4961       -9.56512            1.97253
109.723      12.7228       -10.0763            1.97253
110.423      13.4861       -10.7484            1.97253
111.123      14.7836       -10.7152            1.97253
111.823      15.6219       -10.1199            1.97253
112.523      15.7553       -9.46312            1.97253
113.223      15.6413       -9.68156            1.97253
113.923      16.7469       -10.2487            1.97253
114.623      18.0712       -9.35969            1.97253
115.323      18.4005       -8.13973            1.97253
116.023      18.0517       -7.29152            1.97253
116.723      17.5337       -7.44994            1.97253
117.423      18.4481       -8.02333            1.97253
118.123      19.729       -6.93346            1.97253
118.823      19.7357       -5.60664            1.97253
119.523      19.6149       -4.66154            1.97253
120.223      19.1759       -3.65469            1.97253
120.923      18.3479       -3.03665            1.97253
121.623      17.5968       -3.01452            1.97253
122.323      17.4171       -3.21307            1.97253
123.023      17.4646       -2.93125            1.97253
123.723      17.2149       -2.55535            1.97253
124.423      16.8174       -2.2659            1.97253
125.123      16.3701       -2.19909            1.97253
125.823      16.0215       -2.33852            1.97253
126.523      16.1162       -2.60624            1.97253
127.223      16.45       -2.21367            1.97253
127.923      16.1892       -1.58802            1.97253
128.623      15.6626       -1.24038            1.97253
129.323      15.1112       -1.10127            1.97253
130.023      14.5742       -1.10172            1.97253
130.723      14.0694       -1.24352            1.97253
131.423      13.7061       -1.52379            1.97253
132.123      13.5282       -1.69407            1.97253
132.823      13.1711       -1.75953            1.97253
133.523      12.7139       -2.09059            1.97253
134.223      12.4797       -2.63876            1.97253
134.923      12.5607       -3.2058            1.97253
135.623      12.8729       -3.38817            1.97253
136.323      12.7814       -3.36902            1.97253
137.023      12.5844       -3.73816            1.97253
137.723      12.7083       -4.25978            1.97253
138.423      13.0905       -4.62796            1.97253
139.123      13.6289       -4.74081            1.97253
139.823      14.0773       -4.47308            1.97253
140.523      14.0787       -4.02669            1.97253
141.223      13.7087       -3.86866            1.97253
141.923      13.3592       -4.17228            1.97253
142.623      13.413       -4.69966            1.97253
143.323      13.6548       -4.9591            1.97253
144.023      13.9115       -5.3426            1.97253
144.723      14.5392       -5.48432            1.97253
145.423      14.7888       -5.26778            1.97253
146.123      14.8655       -5.47566            1.97253
146.823      15.3374       -5.9266            1.97253
147.523      16.5817       -6.22802            1.97253
148.223      17.9517       -5.15678            1.97253
148.923      18.1159       -3.68615            1.97253
149.623      17.6555       -2.72877            1.97253
150.323      17.1143       -2.24988            1.97253
151.023      16.6956       -2.08219            1.97253
151.723      16.5032       -1.97964            1.97253
152.423      16.3979       -1.83437            1.97253
153.123      16.3009       -1.56925            1.97253
153.823      16.0866       -1.33363            1.97253
154.523      15.8617       -1.13114            1.97253
155.223      15.5803       -1.01249            1.97253
155.923      15.4082       -0.983112            1.97253
156.623      15.2875       -0.829769            1.97253
157.323      15.0463       -0.663582            1.97253
158.023      14.7703       -0.572906            1.97253
158.723      14.498       -0.525045            1.97253
159.423      14.2231       -0.508397            1.97253
160.123      13.9428       -0.522032            1.97253
160.823      13.6498       -0.56905            1.97253
161.523      13.3348       -0.664408            1.97253
162.223      12.9951       -0.844937            1.97253
162.923      12.6758       -1.17703            1.97253
163.623      12.5328       -1.64302            1.97253
164.323      12.5279       -2.07417            1.97253
165.023      12.7177       -2.57782            1.97253
165.723      13.1464       -2.81425            1.97253
166.423      13.4936       -2.79875            1.97253
167.123      13.6949       -2.67191            1.97253
167.823      13.691       -2.53999            1.97253
168.523      13.5703       -2.60651            1.97253
169.223      13.5707       -2.91066            1.97253
169.923      13.8873       -3.21933            1.97253
170.623      14.3658       -3.33846            1.97253
171.323      14.9317       -3.15398            1.97253
172.023      15.2719       -2.73745            1.97253
172.723      15.4472       -2.23871            1.97253
173.423      15.3278       -1.76586            1.97253
174.123      15.1409       -1.48329            1.97253
174.823      14.8979       -1.25024            1.97253
175.523      14.5868       -1.1868            1.97253
176.223      14.3463       -1.33198            1.97253
176.923      14.4055       -1.60076            1.97253
177.623      14.7161       -1.56054            1.97253
178.323      14.8254       -1.26165            1.97253
179.023      14.7271       -0.988758            1.97253
179.723      14.5359       -0.850159            1.97253
180.423      14.3932       -0.818896            1.97253
181.123      14.3239       -0.791331            1.97253
181.823      14.2561       -0.705506            1.97253
182.523      14.1082       -0.636679            1.97253
183.223      13.9639       -0.664881            1.97253
183.923      13.8807       -0.745046            1.97253
184.623      13.9383       -0.857335            1.97253
185.323      14.1023       -0.743512            1.97253
186.023      14.0597       -0.514553            1.97253
186.723      13.9117       -0.375312            1.97253
187.423      13.7547       -0.303699            1.97253
188.123      13.6061       -0.267147            1.97253
188.823      13.4649       -0.250276            1.97253
189.523      13.3269       -0.246798            1.97253
190.223      13.1877       -0.255237            1.97253
190.923      13.0426       -0.277797            1.97253
191.623      12.887       -0.321712            1.97253
192.323      12.7192       -0.404084            1.97253
193.023      12.5577       -0.559461            1.97253
193.723      12.497       -0.800507            1.97253
194.423      12.59       -0.941904            1.97253
195.123      12.5815       -0.963991            1.97253
195.823      12.5367       -1.0774            1.97253
196.523      12.531       -1.17052            1.97253
197.223      12.4671       -1.3133            1.97253
197.923      12.4977       -1.60675            1.97253
198.623      12.8451       -1.83112            1.97253
199.323      13.1222       -1.64355            1.97253
200.023      13.1019       -1.52749            1.97253
200.723      13.099       -1.54613            1.97253
201.423      13.1532       -1.60588            1.97253
202.123      13.2707       -1.66279            1.97253
202.823      13.4888       -1.63079            1.97253
203.523      13.6152       -1.42926            1.97253
204.223      13.563       -1.24221            1.97253
204.923      13.4309       -1.21622            1.97253
205.623      13.408       -1.32416            1.97253
206.323      13.5476       -1.42586            1.97253
207.023      13.8126       -1.34483            1.97253
207.723      13.9149       -1.05413            1.97253
208.423      13.8173       -0.828398            1.97253
209.123      13.6717       -0.725253            1.97253
209.823      13.54       -0.704651            1.97253
210.523      13.4359       -0.781772            1.97253
211.223      13.5275       -0.91619            1.97253
211.923      13.7078       -0.791771            1.97253
212.623      13.667       -0.600891            1.97253
213.323      13.5508       -0.533571            1.97253
214.023      13.4855       -0.579742            1.97253
214.723      13.583       -0.602035            1.97253
215.423      13.6481       -0.444203            1.97253
216.123      13.5807       -0.300668            1.97253
216.823      13.4882       -0.222901            1.97253
217.523      13.4065       -0.176967            1.97253
218.223      13.3338       -0.143993            1.97253
218.923      13.2664       -0.120252            1.97253
219.623      13.2049       -0.103977            1.97253
220.323      13.1493       -0.0923808            1.97253
221.023      13.0986       -0.0836524            1.97253
221.723      13.052       -0.0767945            1.97253
222.423      13.0087       -0.071231            1.97253
223.123      12.9681       -0.066606            1.97253
223.823      12.93       -0.062686            1.97253
224.523      12.8939       -0.0593113            1.97253
225.223      12.8596       -0.0563681            1.97253
225.923      12.8268       -0.053773            1.97253
226.623      12.7955       -0.0514634            1.97253
227.323      12.7654       -0.0493912            1.97253
228.023      12.7364       -0.0475188            1.97253
228.723      12.7085       -0.0458162            1.97253
229.423      12.6815       -0.0442596            1.97253
230.123      12.6554       -0.0428293            1.97253
230.823      12.63       -0.0415092            1.97253
231.523      12.6054       -0.0402858            1.97253
232.223      12.5815       -0.039148            1.97253
232.923      12.5583       -0.0380861            1.97253
233.623      12.5356       -0.037092            1.97253
234.323      12.5135       -0.0361589            1.97253
235.023      12.4919       -0.0352805            1.97253
235.723      12.4708       -0.0344519            1.97253
236.423      12.4502       -0.0336683            1.97253
237.123      12.43       -0.0329257            1.97253
237.823      12.4103       -0.0322208            1.97253
238.523      12.3909       -0.0315503            1.97253
239.223      12.372       -0.0309115            1.97253
239.923      12.3534       -0.0303019            1.97253
240.623      12.3351       -0.0297194            1.97253
241.323      12.3172       -0.0291619            1.97253
242.023      12.2996       -0.0286276            1.97253
242.723      12.2824       -0.028115            1.97253
243.423      12.2654       -0.0276226            1.97253
244.123      12.2487       -0.0271491            1.97253
244.823      12.2322       -0.0266933            1.97253
245.523      12.2161       -0.026254            1.97253
246.223      12.2001       -0.0258303            1.97253
246.923      12.1845       -0.0254213            1.97253
247.623      12.169       -0.025026            1.97253
248.323      12.1538       -0.0246438            1.97253
249.023      12.1389       -0.0242739            1.97253
249.723      12.1241       -0.0239157            1.97253
250.423      12.1095       -0.0235685            1.97253
251.123      12.0952       -0.0232318            1.97253
251.823      12.081       -0.022905            1.97253
252.523      12.067       -0.0225877            1.97253
253.223      12.0533       -0.0222794            1.97253
253.923      12.0396       -0.0219796            1.97253
254.623      12.0262       -0.0216881            1.97253
255.323      12.013       -0.0214043            1.97253
256.023      11.9999       -0.021128            1.97253
256.723      11.9869       -0.0208589            1.97253
257.423      11.9741       -0.0205966            1.97253
258.123      11.9615       -0.0203408            1.97253
258.823      11.949       -0.0200913            1.97253
259.523      11.9367       -0.0198478            1.97253
260.223      11.9245       -0.0196101            1.97253
260.923      11.9125       -0.0193779            1.97253
261.623      11.9006       -0.0191511            1.97253
262.323      11.8888       -0.0189294            1.97253
263.023      11.8772       -0.0187127            1.97253
263.723      11.8656       -0.0185007            1.97253
264.423      11.8542       -0.0182934            1.97253
265.123      11.843       -0.0180904            1.97253
265.823      11.8318       -0.0178918            1.97253
266.523      11.8208       -0.0176972            1.97253
267.223      11.8099       -0.0175067            1.97253
