#
#
#   Lonertzian-smoothed self-energy (both particle and hole)
#
#   k = 1.80067 fm^-1 (group = 5)     and E_F = -52.0162 MeV
#
#   Sigma^{infty} = -7.06795 MeV
#
#
#    E               Re \Sig(k,E)       Im \Sig(k,E)             k 

-280.96      -9.40426       0.00299592            1.80067
-280.26      -9.41258       0.0031135            1.80067
-279.56      -9.421       0.00323674            1.80067
-278.86      -9.42952       0.00336617            1.80067
-278.16      -9.43814       0.00350238            1.80067
-277.46      -9.44688       0.00364607            1.80067
-276.76      -9.45573       0.00379805            1.80067
-276.06      -9.4647       0.00395925            1.80067
-275.36      -9.4738       0.00413081            1.80067
-274.66      -9.48304       0.00431404            1.80067
-273.96      -9.49241       0.00451057            1.80067
-273.26      -9.50193       0.00472231            1.80067
-272.56      -9.51161       0.00495167            1.80067
-271.86      -9.52146       0.00520157            1.80067
-271.16      -9.5315       0.00547572            1.80067
-270.46      -9.54173       0.00577881            1.80067
-269.76      -9.55217       0.00611686            1.80067
-269.06      -9.56285       0.00649777            1.80067
-268.36      -9.57379       0.00693203            1.80067
-267.66      -9.58503       0.0074339            1.80067
-266.96      -9.59661       0.00802316            1.80067
-266.26      -9.60857       0.00872801            1.80067
-265.56      -9.62099       0.00958993            1.80067
-264.86      -9.63396       0.0106723            1.80067
-264.16      -9.6476       0.0120764            1.80067
-263.46      -9.66208       0.0139744            1.80067
-262.76      -9.67761       0.0166774            1.80067
-262.06      -9.69432       0.0207522            1.80067
-261.36      -9.71197       0.0268731            1.80067
-260.66      -9.73084       0.0348698            1.80067
-259.96      -9.7535       0.0474724            1.80067
-259.26      -9.7785       0.072741            1.80067
-258.56      -9.79302       0.122565            1.80067
-257.86      -9.75272       0.187225            1.80067
-257.16      -9.66654       0.173676            1.80067
-256.46      -9.64675       0.10838            1.80067
-255.76      -9.66709       0.0677613            1.80067
-255.06      -9.69219       0.0477645            1.80067
-254.36      -9.71475       0.0376177            1.80067
-253.66      -9.73409       0.0306259            1.80067
-252.96      -9.75345       0.0247746            1.80067
-252.26      -9.77282       0.0210864            1.80067
-251.56      -9.79156       0.0189196            1.80067
-250.86      -9.80972       0.0176331            1.80067
-250.16      -9.82751       0.0168832            1.80067
-249.46      -9.84509       0.016487            1.80067
-248.76      -9.86261       0.0163414            1.80067
-248.06      -9.88017       0.0163851            1.80067
-247.36      -9.89786       0.0165803            1.80067
-246.66      -9.91576       0.0169039            1.80067
-245.96      -9.93392       0.017342            1.80067
-245.26      -9.95242       0.0178875            1.80067
-244.56      -9.9713       0.0185383            1.80067
-243.86      -9.99064       0.0192967            1.80067
-243.16      -10.0105       0.0201686            1.80067
-242.46      -10.0309       0.0211643            1.80067
-241.76      -10.052       0.0222984            1.80067
-241.06      -10.0738       0.0235911            1.80067
-240.36      -10.0965       0.0250697            1.80067
-239.66      -10.1201       0.0267712            1.80067
-238.96      -10.1448       0.0287461            1.80067
-238.26      -10.1707       0.0310648            1.80067
-237.56      -10.198       0.0338285            1.80067
-236.86      -10.2271       0.0371881            1.80067
-236.16      -10.2583       0.041379            1.80067
-235.46      -10.2919       0.0467924            1.80067
-234.76      -10.3285       0.054125            1.80067
-234.06      -10.3687       0.0646682            1.80067
-233.36      -10.4121       0.0803056            1.80067
-232.66      -10.4579       0.100955            1.80067
-231.96      -10.5119       0.130163            1.80067
-231.26      -10.5719       0.186515            1.80067
-230.56      -10.6044       0.292301            1.80067
-229.86      -10.5241       0.398896            1.80067
-229.16      -10.4173       0.346421            1.80067
-228.46      -10.4413       0.253843            1.80067
-227.76      -10.5211       0.21626            1.80067
-227.06      -10.6092       0.225713            1.80067
-226.36      -10.6806       0.268352            1.80067
-225.66      -10.7291       0.310233            1.80067
-224.96      -10.7928       0.344063            1.80067
-224.26      -10.8688       0.410092            1.80067
-223.56      -10.9263       0.489015            1.80067
-222.86      -11.0209       0.582838            1.80067
-222.16      -11.1049       0.804833            1.80067
-221.46      -10.9934       1.08801            1.80067
-220.76      -10.7465       1.21648            1.80067
-220.06      -10.519       1.16686            1.80067
-219.36      -10.4418       1.06005            1.80067
-218.66      -10.4317       1.02249            1.80067
-217.96      -10.3575       1.02865            1.80067
-217.26      -10.2889       0.937504            1.80067
-216.56      -10.2822       0.861803            1.80067
-215.86      -10.2836       0.762628            1.80067
-215.16      -10.3675       0.652718            1.80067
-214.46      -10.5227       0.609844            1.80067
-213.76      -10.6992       0.661875            1.80067
-213.06      -10.8347       0.829101            1.80067
-212.36      -10.8242       1.03946            1.80067
-211.66      -10.7511       1.12258            1.80067
-210.96      -10.8132       1.19248            1.80067
-210.26      -10.8997       1.495            1.80067
-209.56      -10.6234       2.01068            1.80067
-208.86      -9.85016       2.10723            1.80067
-208.16      -9.35791       1.61789            1.80067
-207.46      -9.31394       1.11667            1.80067
-206.76      -9.41803       0.827786            1.80067
-206.06      -9.51261       0.605555            1.80067
-205.36      -9.66258       0.42778            1.80067
-204.66      -9.82527       0.326113            1.80067
-203.96      -9.97221       0.276301            1.80067
-203.26      -10.0916       0.26133            1.80067
-202.56      -10.1749       0.248814            1.80067
-201.86      -10.26       0.216979            1.80067
-201.16      -10.3628       0.195152            1.80067
-200.46      -10.4706       0.193664            1.80067
-199.76      -10.5779       0.215299            1.80067
-199.06      -10.6733       0.272289            1.80067
-198.36      -10.7052       0.364075            1.80067
-197.66      -10.6498       0.374759            1.80067
-196.96      -10.6698       0.287043            1.80067
-196.26      -10.7635       0.228464            1.80067
-195.56      -10.8703       0.207836            1.80067
-194.86      -10.9711       0.203598            1.80067
-194.16      -11.0754       0.19942            1.80067
-193.46      -11.192       0.202697            1.80067
-192.76      -11.3179       0.216361            1.80067
-192.06      -11.4549       0.240455            1.80067
-191.36      -11.6067       0.278798            1.80067
-190.66      -11.7763       0.34015            1.80067
-189.96      -11.9601       0.442331            1.80067
-189.26      -12.1257       0.600938            1.80067
-188.56      -12.242       0.769614            1.80067
-187.86      -12.3452       0.925146            1.80067
-187.16      -12.4734       1.04062            1.80067
-186.46      -12.7285       1.19567            1.80067
-185.76      -13.0818       1.56875            1.80067
-185.06      -13.2599       2.35334            1.80067
-184.36      -12.662       3.15833            1.80067
-183.66      -11.9597       2.99123            1.80067
-182.96      -12.0761       2.75285            1.80067
-182.26      -12.3872       3.09557            1.80067
-181.56      -12.3134       3.92109            1.80067
-180.86      -11.3993       4.63509            1.80067
-180.16      -10.3613       4.31101            1.80067
-179.46      -10.2167       3.8102            1.80067
-178.76      -10.2053       4.05492            1.80067
-178.06      -9.26626       4.28707            1.80067
-177.36      -8.50542       3.46973            1.80067
-176.66      -8.453       2.73799            1.80067
-175.96      -8.52158       2.2067            1.80067
-175.26      -8.72522       1.77672            1.80067
-174.56      -8.96419       1.55451            1.80067
-173.86      -9.08148       1.36987            1.80067
-173.16      -9.27413       1.12951            1.80067
-172.46      -9.55333       1.00972            1.80067
-171.76      -9.78056       1.02513            1.80067
-171.06      -9.88091       1.07799            1.80067
-170.36      -9.90243       1.02713            1.80067
-169.66      -10.0429       0.879639            1.80067
-168.96      -10.3159       0.851619            1.80067
-168.26      -10.5492       1.02226            1.80067
-167.56      -10.5227       1.29078            1.80067
-166.86      -10.274       1.25458            1.80067
-166.16      -10.3156       0.964085            1.80067
-165.46      -10.5908       0.824561            1.80067
-164.76      -10.8908       0.873387            1.80067
-164.06      -11.0989       1.04965            1.80067
-163.36      -11.2021       1.23322            1.80067
-162.66      -11.2465       1.40074            1.80067
-161.96      -11.2741       1.52115            1.80067
-161.26      -11.3125       1.65025            1.80067
-160.56      -11.299       1.77794            1.80067
-159.86      -11.338       1.79721            1.80067
-159.16      -11.5409       1.95041            1.80067
-158.46      -11.6267       2.32942            1.80067
-157.76      -11.4865       2.75234            1.80067
-157.06      -11.0952       3.08518            1.80067
-156.36      -10.5572       3.09388            1.80067
-155.66      -10.278       2.72086            1.80067
-154.96      -10.4584       2.49644            1.80067
-154.26      -10.6881       2.72251            1.80067
-153.56      -10.4089       3.26712            1.80067
-152.86      -9.57517       3.21799            1.80067
-152.16      -9.26441       2.60282            1.80067
-151.46      -9.35765       2.18765            1.80067
-150.76      -9.54409       2.04448            1.80067
-150.06      -9.50468       2.08098            1.80067
-149.36      -9.31164       1.89088            1.80067
-148.66      -9.26487       1.54787            1.80067
-147.96      -9.40396       1.16802            1.80067
-147.26      -9.72399       0.911863            1.80067
-146.56      -10.0884       0.831806            1.80067
-145.86      -10.4271       0.906457            1.80067
-145.16      -10.6485       1.14553            1.80067
-144.46      -10.569       1.35158            1.80067
-143.76      -10.5312       1.21824            1.80067
-143.06      -10.795       1.1214            1.80067
-142.36      -11.1797       1.28876            1.80067
-141.66      -11.4592       1.84961            1.80067
-140.96      -11.0551       2.72145            1.80067
-140.26      -9.8825       2.68488            1.80067
-139.56      -9.52181       1.82865            1.80067
-138.86      -9.74099       1.32843            1.80067
-138.16      -9.91165       1.11335            1.80067
-137.46      -10.053       0.85322            1.80067
-136.76      -10.3116       0.638347            1.80067
-136.06      -10.5983       0.523008            1.80067
-135.36      -10.8765       0.469532            1.80067
-134.66      -11.1476       0.454075            1.80067
-133.96      -11.4206       0.468606            1.80067
-133.26      -11.7053       0.516074            1.80067
-132.56      -12.0099       0.612592            1.80067
-131.86      -12.3304       0.79872            1.80067
-131.16      -12.5921       1.14657            1.80067
-130.46      -12.5387       1.57476            1.80067
-129.76      -12.2976       1.57882            1.80067
-129.06      -12.4133       1.37363            1.80067
-128.36      -12.7655       1.28453            1.80067
-127.66      -13.2509       1.35883            1.80067
-126.96      -13.8293       1.65346            1.80067
-126.26      -14.371       2.30767            1.80067
-125.56      -14.4763       3.22029            1.80067
-124.86      -14.3229       3.79504            1.80067
-124.16      -14.3565       4.38861            1.80067
-123.46      -14.3603       5.19168            1.80067
-122.76      -14.1266       6.42475            1.80067
-122.06      -12.787       7.75086            1.80067
-121.36      -10.9181       7.73087            1.80067
-120.66      -9.78419       6.91979            1.80067
-119.96      -9.41576       6.19188            1.80067
-119.26      -9.11143       5.78651            1.80067
-118.56      -8.82258       5.31042            1.80067
-117.86      -8.79462       4.82492            1.80067
-117.16      -8.84472       4.73344            1.80067
-116.46      -8.49708       4.59761            1.80067
-115.76      -8.24109       4.23424            1.80067
-115.06      -8.03025       3.78437            1.80067
-114.36      -7.95786       3.17803            1.80067
-113.66      -8.22726       2.58157            1.80067
-112.96      -8.65958       2.26225            1.80067
-112.26      -9.00427       2.15458            1.80067
-111.56      -9.2952       2.02897            1.80067
-110.86      -9.68139       2.02163            1.80067
-110.16      -9.93665       2.24625            1.80067
-109.46      -9.86984       2.39141            1.80067
-108.76      -9.82829       2.22119            1.80067
-108.06      -10.0134       1.95695            1.80067
-107.36      -10.4687       1.71886            1.80067
-106.66      -11.1664       1.73553            1.80067
-105.96      -11.9751       2.11648            1.80067
-105.26      -12.7817       3.04643            1.80067
-104.56      -13.0674       4.86055            1.80067
-103.86      -11.3654       6.83408            1.80067
-103.16      -8.93765       6.0697            1.80067
-102.46      -8.84239       4.54436            1.80067
-101.76      -9.61671       4.35646            1.80067
-101.06      -9.72114       5.17004            1.80067
-100.36      -9.08222       5.72764            1.80067
-99.66      -8.02409       6.45313            1.80067
-98.96      -5.75517       5.85662            1.80067
-98.26      -5.01758       3.71258            1.80067
-97.56      -5.5375       2.247            1.80067
-96.86      -6.22258       1.47201            1.80067
-96.16      -6.81861       1.04529            1.80067
-95.46      -7.31152       0.790735            1.80067
-94.76      -7.72333       0.627959            1.80067
-94.06      -8.0753       0.518223            1.80067
-93.36      -8.3834       0.441432            1.80067
-92.66      -8.65923       0.386461            1.80067
-91.96      -8.91135       0.346846            1.80067
-91.26      -9.14626       0.31874            1.80067
-90.56      -9.36919       0.299911            1.80067
-89.86      -9.58454       0.289268            1.80067
-89.16      -9.7963       0.286738            1.80067
-88.46      -10.0081       0.293444            1.80067
-87.76      -10.2223       0.311568            1.80067
-87.06      -10.4413       0.341035            1.80067
-86.36      -10.6766       0.385985            1.80067
-85.66      -10.933       0.467405            1.80067
-84.96      -11.1946       0.610459            1.80067
-84.26      -11.4206       0.811625            1.80067
-84.14      -11.4547       0.848056            1.80067
-84.02      -11.488       0.88418            1.80067
-83.9      -11.5212       0.91975            1.80067
-83.78      -11.5551       0.954712            1.80067
-83.66      -11.5907       0.989356            1.80067
-83.54      -11.6288       1.02441            1.80067
-83.42      -11.6703       1.06106            1.80067
-83.3      -11.7154       1.10079            1.80067
-83.18      -11.7638       1.14524            1.80067
-83.06      -11.8149       1.19599            1.80067
-82.94      -11.8675       1.25441            1.80067
-82.82      -11.92       1.32155            1.80067
-82.7      -11.9705       1.39807            1.80067
-82.58      -12.0171       1.48416            1.80067
-82.46      -12.0575       1.57944            1.80067
-82.34      -12.0898       1.68293            1.80067
-82.22      -12.1126       1.7931            1.80067
-82.1      -12.1248       1.90804            1.80067
-81.98      -12.1265       2.02591            1.80067
-81.86      -12.1183       2.1454            1.80067
-81.74      -12.1014       2.26624            1.80067
-81.62      -12.0762       2.38931            1.80067
-81.5      -12.0423       2.51627            1.80067
-81.38      -11.9971       2.64876            1.80067
-81.26      -11.9366       2.78733            1.80067
-81.14      -11.8555       2.93042            1.80067
-81.02      -11.7487       3.0737            1.80067
-80.9      -11.6121       3.20995            1.80067
-80.78      -11.4446       3.32974            1.80067
-80.66      -11.2493       3.42287            1.80067
-80.54      -11.0329       3.48029            1.80067
-80.42      -10.8056       3.49588            1.80067
-80.3      -10.5794       3.46763            1.80067
-80.18      -10.3657       3.39764            1.80067
-80.06      -10.1742       3.29139            1.80067
-79.94      -10.0122       3.15665            1.80067
-79.82      -9.88395       3.00237            1.80067
-79.7      -9.79099       2.83771            1.80067
-79.58      -9.73228       2.67118            1.80067
-79.46      -9.70484       2.50999            1.80067
-79.34      -9.70435       2.35974            1.80067
-79.22      -9.72591       2.22432            1.80067
-79.1      -9.76451       2.1061            1.80067
-78.98      -9.81541       2.00627            1.80067
-78.86      -9.87428       1.9251            1.80067
-78.74      -9.9372       1.86224            1.80067
-78.62      -10.0007       1.81687            1.80067
-78.5      -10.0614       1.78774            1.80067
-78.38      -10.1165       1.77321            1.80067
-78.26      -10.1633       1.77112            1.80067
-78.14      -10.1994       1.77878            1.80067
-78.02      -10.2231       1.79294            1.80067
-77.9      -10.2336       1.80989            1.80067
-77.78      -10.2312       1.82575            1.80067
-77.66      -10.2173       1.8369            1.80067
-77.54      -10.1945       1.84046            1.80067
-77.42      -10.1659       1.83475            1.80067
-77.3      -10.135       1.81946            1.80067
-77.18      -10.1044       1.79546            1.80067
-77.06      -10.0758       1.76428            1.80067
-76.94      -10.05       1.72742            1.80067
-76.82      -10.027       1.68581            1.80067
-76.7      -10.0067       1.63975            1.80067
-76.58      -9.98953       1.58908            1.80067
-76.46      -9.97627       1.53374            1.80067
-76.34      -9.96818       1.47415            1.80067
-76.22      -9.96638       1.41136            1.80067
-76.1      -9.97149       1.34692            1.80067
-75.98      -9.98341       1.28245            1.80067
-75.86      -10.0015       1.21928            1.80067
-75.74      -10.0247       1.15822            1.80067
-75.62      -10.0521       1.09954            1.80067
-75.5      -10.0829       1.04317            1.80067
-75.38      -10.1169       0.988854            1.80067
-75.26      -10.1538       0.936473            1.80067
-75.14      -10.1938       0.886084            1.80067
-75.02      -10.2367       0.837943            1.80067
-74.9      -10.2825       0.792397            1.80067
-74.78      -10.3309       0.749784            1.80067
-74.66      -10.3815       0.710342            1.80067
-74.54      -10.4336       0.674182            1.80067
-74.42      -10.487       0.641287            1.80067
-74.3      -10.5411       0.611543            1.80067
-74.18      -10.5957       0.584768            1.80067
-74.06      -10.6504       0.560743            1.80067
-73.94      -10.7051       0.539237            1.80067
-73.82      -10.7596       0.520017            1.80067
-73.7      -10.8138       0.502866            1.80067
-73.58      -10.8676       0.487579            1.80067
-73.46      -10.921       0.473975            1.80067
-73.34      -10.9741       0.461888            1.80067
-73.22      -11.0267       0.451174            1.80067
-73.1      -11.079       0.441704            1.80067
-72.98      -11.1309       0.433368            1.80067
-72.86      -11.1825       0.426065            1.80067
-72.74      -11.2339       0.419712            1.80067
-72.62      -11.2849       0.414233            1.80067
-72.5      -11.3358       0.409563            1.80067
-72.38      -11.3865       0.405645            1.80067
-72.26      -11.4371       0.402432            1.80067
-72.14      -11.4876       0.399879            1.80067
-72.02      -11.538       0.39795            1.80067
-71.9      -11.5885       0.396615            1.80067
-71.78      -11.639       0.395844            1.80067
-71.66      -11.6895       0.395616            1.80067
-71.54      -11.7402       0.39591            1.80067
-71.42      -11.791       0.396712            1.80067
-71.3      -11.8421       0.398006            1.80067
-71.18      -11.8933       0.399784            1.80067
-71.06      -11.9449       0.402037            1.80067
-70.94      -11.9967       0.404759            1.80067
-70.82      -12.0489       0.407948            1.80067
-70.7      -12.1015       0.411601            1.80067
-70.58      -12.1545       0.41572            1.80067
-70.46      -12.208       0.420308            1.80067
-70.34      -12.262       0.425368            1.80067
-70.22      -12.3166       0.430908            1.80067
-70.1      -12.3717       0.436935            1.80067
-69.98      -12.4275       0.44346            1.80067
-69.86      -12.484       0.450494            1.80067
-69.74      -12.5411       0.458052            1.80067
-69.62      -12.5991       0.466149            1.80067
-69.5      -12.6579       0.474803            1.80067
-69.38      -12.7175       0.484034            1.80067
-69.26      -12.7781       0.493864            1.80067
-69.14      -12.8396       0.504317            1.80067
-69.02      -12.9022       0.515421            1.80067
-68.9      -12.9658       0.527204            1.80067
-68.78      -13.0306       0.539699            1.80067
-68.66      -13.0966       0.552942            1.80067
-68.54      -13.1639       0.566971            1.80067
-68.42      -13.2325       0.581828            1.80067
-68.3      -13.3026       0.597558            1.80067
-68.18      -13.3741       0.614211            1.80067
-68.06      -13.4471       0.631843            1.80067
-67.94      -13.5219       0.650511            1.80067
-67.82      -13.5983       0.67028            1.80067
-67.7      -13.6766       0.691221            1.80067
-67.58      -13.7568       0.713411            1.80067
-67.46      -13.839       0.736932            1.80067
-67.34      -13.9234       0.761877            1.80067
-67.22      -14.01       0.788345            1.80067
-67.1      -14.099       0.816446            1.80067
-66.98      -14.1904       0.8463            1.80067
-66.86      -14.2846       0.87804            1.80067
-66.74      -14.3814       0.911809            1.80067
-66.62      -14.4813       0.947767            1.80067
-66.5      -14.5842       0.986091            1.80067
-66.38      -14.6903       1.02697            1.80067
-66.26      -14.8       1.07063            1.80067
-66.14      -14.9132       1.11729            1.80067
-66.02      -15.0303       1.16723            1.80067
-65.9      -15.1515       1.22074            1.80067
-65.78      -15.277       1.27813            1.80067
-65.66      -15.4071       1.33979            1.80067
-65.54      -15.5419       1.4061            1.80067
-65.42      -15.6819       1.47753            1.80067
-65.3      -15.8272       1.55458            1.80067
-65.18      -15.9783       1.63783            1.80067
-65.06      -16.1353       1.72793            1.80067
-64.94      -16.2988       1.8256            1.80067
-64.82      -16.4689       1.93167            1.80067
-64.7      -16.646       2.04708            1.80067
-64.58      -16.8306       2.17289            1.80067
-64.46      -17.023       2.31032            1.80067
-64.34      -17.2235       2.46075            1.80067
-64.22      -17.4325       2.62576            1.80067
-64.1      -17.6502       2.80717            1.80067
-63.98      -17.8769       3.00708            1.80067
-63.86      -18.1126       3.22788            1.80067
-63.74      -18.3575       3.47233            1.80067
-63.62      -18.6113       3.74362            1.80067
-63.5      -18.8734       4.04541            1.80067
-63.38      -19.1431       4.38194            1.80067
-63.26      -19.419       4.75804            1.80067
-63.14      -19.6989       5.17928            1.80067
-63.02      -19.9798       5.65194            1.80067
-62.9      -20.2574       6.18313            1.80067
-62.78      -20.5257       6.78072            1.80067
-62.66      -20.7762       7.4532            1.80067
-62.54      -20.9978       8.20949            1.80067
-62.42      -21.1754       9.05831            1.80067
-62.3      -21.2895       10.0073            1.80067
-62.18      -21.3149       11.0617            1.80067
-62.06      -21.2204       12.2217            1.80067
-61.94      -20.9685       13.4799            1.80067
-61.82      -20.5171       14.8171            1.80067
-61.7      -19.8225       16.1978            1.80067
-61.58      -18.8463       17.5671            1.80067
-61.46      -17.5644       18.8489            1.80067
-61.34      -15.9789       19.9512            1.80067
-61.22      -14.1279       20.7766            1.80067
-61.1      -12.0892       21.2407            1.80067
-60.98      -9.97317       21.2913            1.80067
-60.86      -7.90469       20.9225            1.80067
-60.74      -5.99963       20.1761            1.80067
-60.62      -4.34479       19.1305            1.80067
-60.5      -2.98793       17.8816            1.80067
-60.38      -1.93905       16.5242            1.80067
-60.26      -1.17938       15.1388            1.80067
-60.14      -0.672945       13.7855            1.80067
-60.02      -0.376668       12.5042            1.80067
-59.9      -0.247598       11.3177            1.80067
-59.78      -0.246986       10.2359            1.80067
-59.66      -0.342033       9.26004            1.80067
-59.54      -0.506163       8.38594            1.80067
-59.42      -0.718499       7.60636            1.80067
-59.3      -0.96302       6.91273            1.80067
-59.18      -1.22765       6.29614            1.80067
-59.06      -1.50344       5.74794            1.80067
-58.94      -1.78383       5.26009            1.80067
-58.82      -2.06412       4.82532            1.80067
-58.7      -2.34097       4.43711            1.80067
-58.58      -2.61208       4.08976            1.80067
-58.46      -2.87591       3.77824            1.80067
-58.34      -3.13148       3.49819            1.80067
-58.22      -3.37825       3.2458            1.80067
-58.1      -3.61593       3.01779            1.80067
-57.98      -3.84449       2.8113            1.80067
-57.86      -4.06401       2.62383            1.80067
-57.74      -4.27471       2.45323            1.80067
-57.62      -4.47685       2.29762            1.80067
-57.5      -4.67076       2.15536            1.80067
-57.38      -4.85677       2.02502            1.80067
-57.26      -5.03526       1.90535            1.80067
-57.14      -5.20657       1.79524            1.80067
-57.02      -5.37107       1.69373            1.80067
-56.9      -5.5291       1.59997            1.80067
-56.78      -5.681       1.5132            1.80067
-56.66      -5.82711       1.43277            1.80067
-56.54      -5.96772       1.35807            1.80067
-56.42      -6.10314       1.28858            1.80067
-56.3      -6.23364       1.22383            1.80067
-56.18      -6.35948       1.16342            1.80067
-56.06      -6.48093       1.10695            1.80067
-55.94      -6.59821       1.0541            1.80067
-55.82      -6.71154       1.00457            1.80067
-55.7      -6.82113       0.958083            1.80067
-55.58      -6.92719       0.914394            1.80067
-55.46      -7.02988       0.873284            1.80067
-55.34      -7.1294       0.834554            1.80067
-55.22      -7.22589       0.798021            1.80067
-55.1      -7.31951       0.763521            1.80067
-54.98      -7.41041       0.730904            1.80067
-54.86      -7.49872       0.700034            1.80067
-54.74      -7.58457       0.670787            1.80067
-54.62      -7.66808       0.643049            1.80067
-54.5      -7.74936       0.616715            1.80067
-54.38      -7.82852       0.59169            1.80067
-54.26      -7.90565       0.567886            1.80067
-54.26       0       0


-49.7967       0       0
-49.7967      -9.91409       0.123899            1.80067
-49.6767      -9.95454       0.117846            1.80067
-49.5567      -9.9946       0.111939            1.80067
-49.4367      -10.0343       0.106171            1.80067
-49.3167      -10.0736       0.100536            1.80067
-49.1967      -10.1125       0.0950279            1.80067
-49.0767      -10.1512       0.0896414            1.80067
-48.9567      -10.1894       0.0843711            1.80067
-48.8367      -10.2274       0.079212            1.80067
-48.7167      -10.2651       0.0741592            1.80067
-48.5967      -10.3025       0.0692081            1.80067
-48.4767      -10.3396       0.0643542            1.80067
-48.3567      -10.3764       0.0595934            1.80067
-48.2367      -10.413       0.0549216            1.80067
-48.1167      -10.4494       0.0503349            1.80067
-47.9967      -10.4855       0.0458295            1.80067
-47.8767      -10.5214       0.0414019            1.80067
-47.7567      -10.5571       0.0370487            1.80067
-47.6367      -10.5925       0.0327665            1.80067
-47.5167      -10.6278       0.0285523            1.80067
-47.3967      -10.6629       0.0244028            1.80067
-47.2767      -10.6978       0.0203153            1.80067
-47.1567      -10.7326       0.0162868            1.80067
-47.0367      -10.7671       0.0123147            1.80067
-46.9167      -10.8016       0.00839624            1.80067
-46.7967      -10.8358       0.00452896            1.80067
-46.6767      -10.87       0.000710383            1.80067
-46.5567      -10.904       -0.00306187            1.80067
-46.4367      -10.9379       -0.00679011            1.80067
-46.3167      -10.9717       -0.0104766            1.80067
-46.1967      -11.0053       -0.0141234            1.80067
-46.0767      -11.0389       -0.0177327            1.80067
-45.9567      -11.0724       -0.0213064            1.80067
-45.8367      -11.1058       -0.0248467            1.80067
-45.7167      -11.1391       -0.0283554            1.80067
-45.5967      -11.1723       -0.0318344            1.80067
-45.4767      -11.2055       -0.0352854            1.80067
-45.3567      -11.2386       -0.0387104            1.80067
-45.2367      -11.2716       -0.042111            1.80067
-45.1167      -11.3046       -0.045489            1.80067
-44.9967      -11.3376       -0.0488459            1.80067
-44.8767      -11.3705       -0.0521835            1.80067
-44.7567      -11.4034       -0.0555034            1.80067
-44.6367      -11.4363       -0.058807            1.80067
-44.5167      -11.4691       -0.062096            1.80067
-44.3967      -11.5019       -0.0653719            1.80067
-44.2767      -11.5348       -0.0686361            1.80067
-44.1567      -11.5676       -0.0718901            1.80067
-44.0367      -11.6004       -0.0751355            1.80067
-43.9167      -11.6332       -0.0783735            1.80067
-43.7967      -11.6661       -0.0816057            1.80067
-43.6767      -11.6989       -0.0848335            1.80067
-43.5567      -11.7318       -0.0880582            1.80067
-43.4367      -11.7647       -0.0912812            1.80067
-43.3167      -11.7977       -0.094504            1.80067
-43.1967      -11.8307       -0.0977278            1.80067
-43.0767      -11.8637       -0.100954            1.80067
-42.9567      -11.8968       -0.104184            1.80067
-42.8367      -11.93       -0.107419            1.80067
-42.7167      -11.9632       -0.110661            1.80067
-42.5967      -11.9965       -0.113911            1.80067
-42.4767      -12.0298       -0.11717            1.80067
-42.3567      -12.0633       -0.120439            1.80067
-42.2367      -12.0968       -0.12372            1.80067
-42.1167      -12.1304       -0.127015            1.80067
-41.9967      -12.1641       -0.130325            1.80067
-41.8767      -12.1979       -0.13365            1.80067
-41.7567      -12.2318       -0.136994            1.80067
-41.6367      -12.2658       -0.140356            1.80067
-41.5167      -12.3       -0.143739            1.80067
-41.3967      -12.3343       -0.147143            1.80067
-41.2767      -12.3687       -0.150572            1.80067
-41.1567      -12.4032       -0.154025            1.80067
-41.0367      -12.4379       -0.157504            1.80067
-40.9167      -12.4727       -0.161011            1.80067
-40.7967      -12.5077       -0.164548            1.80067
-40.6767      -12.5428       -0.168116            1.80067
-40.5567      -12.5781       -0.171717            1.80067
-40.4367      -12.6136       -0.175353            1.80067
-40.3167      -12.6492       -0.179025            1.80067
-40.1967      -12.6851       -0.182734            1.80067
-40.0767      -12.7211       -0.186484            1.80067
-39.9567      -12.7574       -0.190275            1.80067
-39.8367      -12.7938       -0.19411            1.80067
-39.7167      -12.8304       -0.19799            1.80067
-39.5967      -12.8673       -0.201917            1.80067
-39.4767      -12.9044       -0.205895            1.80067
-39.3567      -12.9417       -0.209923            1.80067
-39.2367      -12.9793       -0.214006            1.80067
-39.1167      -13.0171       -0.218144            1.80067
-38.9967      -13.0552       -0.222341            1.80067
-38.8767      -13.0935       -0.226598            1.80067
-38.7567      -13.1321       -0.230919            1.80067
-38.6367      -13.171       -0.235305            1.80067
-38.5167      -13.2102       -0.239759            1.80067
-38.3967      -13.2497       -0.244285            1.80067
-38.2767      -13.2895       -0.248884            1.80067
-38.1567      -13.3296       -0.25356            1.80067
-38.0367      -13.37       -0.258315            1.80067
-37.9167      -13.4108       -0.263154            1.80067
-37.7967      -13.4519       -0.268079            1.80067
-37.6767      -13.4934       -0.273093            1.80067
-37.5567      -13.5353       -0.2782            1.80067
-37.4367      -13.5775       -0.283404            1.80067
-37.3167      -13.6201       -0.288708            1.80067
-37.1967      -13.6631       -0.294116            1.80067
-37.0767      -13.7065       -0.299634            1.80067
-36.9567      -13.7504       -0.305264            1.80067
-36.8367      -13.7946       -0.311011            1.80067
-36.7167      -13.8394       -0.31688            1.80067
-36.5967      -13.8846       -0.322876            1.80067
-36.4767      -13.9302       -0.329004            1.80067
-36.3567      -13.9764       -0.33527            1.80067
-36.2367      -14.0231       -0.341678            1.80067
-36.1167      -14.0702       -0.348236            1.80067
-35.9967      -14.118       -0.354948            1.80067
-35.8767      -14.1662       -0.361821            1.80067
-35.7567      -14.2151       -0.368863            1.80067
-35.6367      -14.2645       -0.37608            1.80067
-35.5167      -14.3145       -0.38348            1.80067
-35.3967      -14.3652       -0.39107            1.80067
-35.2767      -14.4165       -0.398859            1.80067
-35.1567      -14.4684       -0.406856            1.80067
-35.0367      -14.5211       -0.415069            1.80067
-34.9167      -14.5744       -0.423509            1.80067
-34.7967      -14.6285       -0.432185            1.80067
-34.6767      -14.6833       -0.441108            1.80067
-34.5567      -14.7389       -0.45029            1.80067
-34.4367      -14.7953       -0.459743            1.80067
-34.3167      -14.8525       -0.469478            1.80067
-34.1967      -14.9106       -0.47951            1.80067
-34.0767      -14.9696       -0.489854            1.80067
-33.9567      -15.0294       -0.500523            1.80067
-33.8367      -15.0903       -0.511534            1.80067
-33.7167      -15.152       -0.522905            1.80067
-33.5967      -15.2148       -0.534653            1.80067
-33.4767      -15.2787       -0.546797            1.80067
-33.3567      -15.3436       -0.559358            1.80067
-33.2367      -15.4096       -0.572359            1.80067
-33.1167      -15.4768       -0.585821            1.80067
-32.9967      -15.5452       -0.599771            1.80067
-32.8767      -15.6149       -0.614235            1.80067
-32.7567      -15.6859       -0.629241            1.80067
-32.6367      -15.7581       -0.644821            1.80067
-32.5167      -15.8318       -0.661006            1.80067
-32.3967      -15.907       -0.677832            1.80067
-32.2767      -15.9836       -0.695338            1.80067
-32.1567      -16.0618       -0.713563            1.80067
-32.0367      -16.1417       -0.732552            1.80067
-31.9167      -16.2232       -0.752352            1.80067
-31.7967      -16.3065       -0.773014            1.80067
-31.6767      -16.3917       -0.794594            1.80067
-31.5567      -16.4787       -0.817151            1.80067
-31.4367      -16.5678       -0.840751            1.80067
-31.3167      -16.6589       -0.865464            1.80067
-31.1967      -16.7523       -0.891366            1.80067
-31.0767      -16.8479       -0.918542            1.80067
-30.9567      -16.9458       -0.947082            1.80067
-30.8367      -17.0463       -0.977086            1.80067
-30.7167      -17.1494       -1.00866            1.80067
-30.5967      -17.2552       -1.04193            1.80067
-30.4767      -17.3638       -1.07703            1.80067
-30.3567      -17.4755       -1.11409            1.80067
-30.2367      -17.5903       -1.15328            1.80067
-30.1167      -17.7083       -1.19477            1.80067
-29.9967      -17.8299       -1.23875            1.80067
-29.8767      -17.955       -1.28545            1.80067
-29.7567      -18.084       -1.3351            1.80067
-29.6367      -18.217       -1.38796            1.80067
-29.5167      -18.3542       -1.44434            1.80067
-29.3967      -18.4958       -1.50456            1.80067
-29.2767      -18.642       -1.569            1.80067
-29.1567      -18.7932       -1.63806            1.80067
-29.0367      -18.9495       -1.71223            1.80067
-28.9167      -19.1112       -1.79202            1.80067
-28.7967      -19.2786       -1.87805            1.80067
-28.6767      -19.4519       -1.97097            1.80067
-28.5567      -19.6314       -2.07157            1.80067
-28.4367      -19.8174       -2.18071            1.80067
-28.3167      -20.0101       -2.2994            1.80067
-28.1967      -20.2098       -2.42879            1.80067
-28.0767      -20.4168       -2.57016            1.80067
-27.9567      -20.6311       -2.72504            1.80067
-27.8367      -20.8528       -2.89514            1.80067
-27.7167      -21.0819       -3.08245            1.80067
-27.5967      -21.3183       -3.28924            1.80067
-27.4767      -21.5615       -3.51814            1.80067
-27.3567      -21.8107       -3.77216            1.80067
-27.2367      -22.065       -4.05474            1.80067
-27.1167      -22.3225       -4.36979            1.80067
-26.9967      -22.5809       -4.72172            1.80067
-26.8767      -22.8367       -5.11543            1.80067
-26.7567      -23.0852       -5.55624            1.80067
-26.6367      -23.3197       -6.04978            1.80067
-26.5167      -23.5316       -6.60164            1.80067
-26.3967      -23.7094       -7.21689            1.80067
-26.2767      -23.8382       -7.89923            1.80067
-26.1567      -23.8994       -8.64967            1.80067
-26.0367      -23.8705       -9.46476            1.80067
-25.9167      -23.7259       -10.3342            1.80067
-25.7967      -23.4386       -11.2382            1.80067
-25.6767      -22.9838       -12.1449            1.80067
-25.5567      -22.3447       -13.0097            1.80067
-25.4367      -21.5194       -13.7768            1.80067
-25.3167      -20.5274       -14.3859            1.80067
-25.1967      -19.4132       -14.7823            1.80067
-25.0767      -18.2427       -14.9296            1.80067
-24.9567      -17.0932       -14.8189            1.80067
-24.8367      -16.0394       -14.4718            1.80067
-24.7167      -15.1394       -13.9342            1.80067
-24.5967      -14.4277       -13.2652            1.80067
-24.4767      -13.9148       -12.5254            1.80067
-24.3567      -13.5921       -11.7676            1.80067
-24.2367      -13.4391       -11.0321            1.80067
-24.1167      -13.4296       -10.347            1.80067
-23.9967      -13.5372       -9.72902            1.80067
-23.8767      -13.7376       -9.18673            1.80067
-23.7567      -14.0102       -8.72294            1.80067
-23.6367      -14.3382       -8.33697            1.80067
-23.5167      -14.7085       -8.02619            1.80067
-23.3967      -15.1109       -7.78726            1.80067
-23.2767      -15.5381       -7.61676            1.80067
-23.1567      -15.9843       -7.51173            1.80067
-23.0367      -16.4456       -7.46993            1.80067
-22.9167      -16.9189       -7.48998            1.80067
-22.7967      -17.4017       -7.5715            1.80067
-22.6767      -17.8923       -7.71518            1.80067
-22.5567      -18.3886       -7.92278            1.80067
-22.4367      -18.8886       -8.19725            1.80067
-22.3167      -19.3897       -8.54272            1.80067
-22.1967      -19.8885       -8.96455            1.80067
-22.0767      -20.3802       -9.46938            1.80067
-21.9567      -20.8583       -10.0651            1.80067
-21.8367      -21.3138       -10.7605            1.80067
-21.7167      -21.7347       -11.5656            1.80067
-21.5967      -22.1043       -12.4904            1.80067
-21.4767      -22.4012       -13.5444            1.80067
-21.3567      -22.5972       -14.7348            1.80067
-21.2367      -22.6567       -16.0644            1.80067
-21.1167      -22.5365       -17.5282            1.80067
-20.9967      -22.1861       -19.1085            1.80067
-20.8767      -21.5512       -20.7702            1.80067
-20.7567      -20.5797       -22.4549            1.80067
-20.6367      -19.2321       -24.0786            1.80067
-20.5167      -17.4951       -25.5331            1.80067
-20.3967      -15.3955       -26.6968            1.80067
-20.2767      -13.0093       -27.4535            1.80067
-20.1567      -10.4593       -27.717            1.80067
-20.0367      -7.89735       -27.453            1.80067
-19.9167      -5.47742       -26.6884            1.80067
-19.7967      -3.32672       -25.5036            1.80067
-19.6767      -1.52725       -24.0122            1.80067
-19.5567      -0.111426       -22.3359            1.80067
-19.4367      0.930058       -20.5846            1.80067
-19.3167      1.63447       -18.8452            1.80067
-19.1967      2.05312       -17.1784            1.80067
-19.0767      2.24062       -15.6214            1.80067
-18.3767      0.941441       -9.07715            1.80067
-17.6767      -1.36142       -5.717            1.80067
-16.9767      -3.38751       -3.93268            1.80067
-16.2767      -5.0332       -2.91097            1.80067
-15.5767      -6.37937       -2.28712            1.80067
-14.8767      -7.51068       -1.88929            1.80067
-14.1767      -8.49191       -1.63109            1.80067
-13.4767      -9.37091       -1.46734            1.80067
-12.7767      -10.1843       -1.37513            1.80067
-12.0767      -10.9621       -1.34638            1.80067
-11.3767      -11.7311       -1.38708            1.80067
-10.6767      -12.5142       -1.52371            1.80067
-9.97675      -13.3163       -1.81898            1.80067
-9.27675      -14.0604       -2.38276            1.80067
-8.57675      -14.4585       -3.19456            1.80067
-7.87675      -14.5343       -3.80203            1.80067
-7.17675      -14.6661       -4.53584            1.80067
-6.47675      -14.0197       -5.29499            1.80067
-5.77675      -13.3548       -5.16165            1.80067
-5.07675      -12.8872       -4.91772            1.80067
-4.37675      -12.6082       -4.16067            1.80067
-3.67675      -12.9476       -3.34641            1.80067
-2.97675      -13.6524       -2.83761            1.80067
-2.27675      -14.3453       -2.62046            1.80067
-1.57675      -15.0651       -2.412            1.80067
-0.876747      -15.9012       -2.37283            1.80067
-0.176747      -16.6347       -2.40468            1.80067
0.523253      -17.5077       -2.31785            1.80067
1.22325      -18.6284       -2.345            1.80067
1.92325      -19.9161       -2.54225            1.80067
2.62325      -21.3838       -2.91245            1.80067
3.32325      -23.0952       -3.50079            1.80067
4.02325      -25.1443       -4.41432            1.80067
4.72325      -27.6622       -5.87031            1.80067
5.42325      -30.8045       -8.3243            1.80067
6.12325      -34.6072       -12.7817            1.80067
6.82325      -38.1217       -21.4344            1.80067
7.52325      -35.5602       -36.9369            1.80067
8.22325      -15.3121       -48.2585            1.80067
8.92325      3.34655       -36.0037            1.80067
9.62325      4.49506       -21.6839            1.80067
10.3233      0.0965993       -14.3769            1.80067
11.0233      -4.80468       -11.468            1.80067
11.7233      -9.4676       -11.3688            1.80067
12.4233      -13.6472       -14.1836            1.80067
13.1233      -15.2754       -21.1645            1.80067
13.8233      -8.04405       -29.2436            1.80067
14.5233      3.80321       -26.3107            1.80067
15.2233      7.8473       -17.3521            1.80067
15.9233      6.23787       -10.6848            1.80067
16.6233      3.37679       -7.0776            1.80067
17.3233      0.727607       -5.15974            1.80067
18.0233      -1.54256       -4.09919            1.80067
18.7233      -3.51821       -3.51681            1.80067
19.4233      -5.29957       -3.25589            1.80067
20.1233      -6.94421       -3.27479            1.80067
20.8233      -8.43876       -3.53683            1.80067
21.5233      -9.8981       -3.99247            1.80067
22.2233      -11.3225       -4.95524            1.80067
22.9233      -12.0986       -6.50337            1.80067
23.6233      -11.9175       -7.74939            1.80067
24.3233      -11.6986       -8.12326            1.80067
25.0233      -12.2881       -8.62352            1.80067
25.7233      -12.2983       -10.1378            1.80067
26.4233      -11.0106       -10.7157            1.80067
27.1233      -10.8306       -10.2597            1.80067
27.8233      -10.8749       -10.7332            1.80067
28.5233      -10.2348       -10.6666            1.80067
29.2233      -10.5227       -10.0954            1.80067
29.9233      -11.2785       -10.1608            1.80067
30.6233      -12.0655       -10.8096            1.80067
31.3233      -12.5373       -11.9751            1.80067
32.0233      -12.2828       -13.793            1.80067
32.7233      -10.3144       -14.7004            1.80067
33.4233      -9.21591       -13.6582            1.80067
34.1233      -9.59739       -12.7764            1.80067
34.8233      -10.9741       -12.673            1.80067
35.5233      -12.3599       -14.5191            1.80067
36.2233      -11.5412       -16.8691            1.80067
36.9233      -11.0124       -17.609            1.80067
37.6233      -11.537       -20.2738            1.80067
38.3233      -9.2661       -25.8444            1.80067
39.0233      0.583791       -28.7952            1.80067
39.7233      8.25052       -21.2961            1.80067
40.4233      7.77991       -14.1018            1.80067
41.1233      5.75975       -10.7746            1.80067
41.8233      4.38185       -8.41933            1.80067
42.5233      2.36314       -6.56638            1.80067
43.2233      0.278425       -5.97384            1.80067
43.9233      -0.915736       -6.09586            1.80067
44.6233      -1.70041       -5.68147            1.80067
45.3233      -3.07784       -5.51564            1.80067
46.0233      -4.1231       -6.10862            1.80067
46.7233      -4.79669       -6.68441            1.80067
47.4233      -5.22532       -8.02706            1.80067
48.1233      -3.60095       -9.14083            1.80067
48.8233      -2.10424       -7.54245            1.80067
49.5233      -2.90458       -5.81547            1.80067
50.2233      -4.29363       -5.5462            1.80067
50.9233      -4.72418       -6.10449            1.80067
51.6233      -4.53658       -5.65547            1.80067
52.3233      -5.45829       -4.96223            1.80067
53.0233      -6.61514       -5.23498            1.80067
53.7233      -7.04627       -5.76164            1.80067
54.4233      -7.59618       -5.91689            1.80067
55.1233      -8.24595       -6.6022            1.80067
55.8233      -8.21043       -7.4759            1.80067
56.5233      -7.73636       -7.72866            1.80067
57.2233      -7.67715       -7.38986            1.80067
57.9233      -8.14761       -7.14723            1.80067
58.6233      -9.01843       -7.19177            1.80067
59.3233      -9.88028       -7.97162            1.80067
60.0233      -10.1328       -9.16583            1.80067
60.7233      -9.40593       -10.023            1.80067
61.4233      -8.99525       -9.65095            1.80067
62.1233      -9.62087       -9.45527            1.80067
62.8233      -10.2881       -9.91786            1.80067
63.5233      -10.7816       -10.4003            1.80067
64.2233      -11.5954       -10.9123            1.80067
64.9233      -12.9583       -11.9023            1.80067
65.6233      -14.5341       -14.0063            1.80067
66.3233      -15.9276       -18.1259            1.80067
67.0233      -14.0717       -25.2627            1.80067
67.7233      -4.57717       -29.5097            1.80067
68.4233      3.50153       -23.9            1.80067
69.1233      3.89443       -17.1857            1.80067
69.8233      0.913052       -14.0627            1.80067
70.5233      -2.04537       -14.6723            1.80067
71.2233      -2.25677       -17.6541            1.80067
71.9233      0.915032       -19.0847            1.80067
72.6233      3.69322       -17.0542            1.80067
73.3233      3.44361       -14.4702            1.80067
74.0233      1.60943       -14.3783            1.80067
74.7233      1.67155       -17.1575            1.80067
75.4233      6.43852       -18.7094            1.80067
76.1233      10.2818       -14.8984            1.80067
76.8233      10.655       -11.031            1.80067
77.5233      9.86166       -8.14419            1.80067
78.2233      8.53703       -6.2254            1.80067
78.9233      7.3743       -5.06106            1.80067
79.6233      6.33392       -4.00677            1.80067
80.3233      5.21502       -3.22615            1.80067
81.0233      4.12606       -2.62729            1.80067
81.7233      3.01688       -2.25199            1.80067
82.4233      1.99736       -2.0914            1.80067
83.1233      1.08282       -2.04199            1.80067
83.8233      0.213565       -2.06317            1.80067
84.5233      -0.680432       -2.19479            1.80067
85.2233      -1.60143       -2.56987            1.80067
85.9233      -2.31323       -3.38371            1.80067
86.6233      -2.2305       -4.30612            1.80067
87.3233      -1.86931       -4.32383            1.80067
88.0233      -2.21487       -4.21003            1.80067
88.7233      -2.58946       -4.51422            1.80067
89.4233      -2.80672       -4.8134            1.80067
90.1233      -3.02639       -5.26956            1.80067
90.8233      -3.1018       -5.76573            1.80067
91.5233      -2.8858       -6.43918            1.80067
92.2233      -2.30368       -6.75564            1.80067
92.9233      -1.85883       -6.75338            1.80067
93.6233      -1.3434       -6.54526            1.80067
94.3233      -1.39583       -5.99828            1.80067
95.0233      -1.9194       -5.99784            1.80067
95.7233      -2.00958       -6.77305            1.80067
96.4233      -1.14923       -7.25288            1.80067
97.1233      -0.238405       -6.76893            1.80067
97.8233      -0.0285498       -6.03176            1.80067
98.5233      -0.165187       -5.48181            1.80067
99.2233      -0.363606       -5.16994            1.80067
99.9233      -0.49245       -4.87362            1.80067
100.623      -0.912328       -4.49086            1.80067
101.323      -1.61097       -4.53158            1.80067
102.023      -2.10683       -5.32581            1.80067
102.723      -1.2821       -6.22607            1.80067
103.423      -0.291392       -5.46537            1.80067
104.123      -0.738025       -4.62017            1.80067
104.823      -1.45137       -4.81729            1.80067
105.523      -1.23717       -5.456            1.80067
106.223      -0.832371       -5.21955            1.80067
106.923      -1.02355       -5.31621            1.80067
107.623      -0.33112       -5.87981            1.80067
108.323      0.826917       -5.11419            1.80067
109.023      0.956599       -3.85131            1.80067
109.723      0.429121       -2.83995            1.80067
110.423      -0.426782       -2.32728            1.80067
111.123      -1.26464       -2.33147            1.80067
111.823      -1.71969       -2.78492            1.80067
112.523      -1.42008       -2.99826            1.80067
113.223      -1.37532       -2.40963            1.80067
113.923      -1.95234       -1.95713            1.80067
114.623      -2.6616       -1.89399            1.80067
115.323      -3.23256       -2.10034            1.80067
116.023      -3.65741       -2.30093            1.80067
116.723      -4.13509       -2.57703            1.80067
117.423      -4.52648       -3.02507            1.80067
118.123      -4.71538       -3.52755            1.80067
118.823      -4.75342       -3.99155            1.80067
119.523      -4.72101       -4.3318            1.80067
120.223      -4.62531       -4.5524            1.80067
120.923      -4.73617       -4.58604            1.80067
121.623      -5.18222       -4.85293            1.80067
122.323      -5.5365       -5.57639            1.80067
123.023      -5.41732       -6.69348            1.80067
123.723      -4.46677       -7.45649            1.80067
124.423      -3.55368       -7.19893            1.80067
125.123      -3.57676       -6.80883            1.80067
125.823      -3.87254       -7.14579            1.80067
126.523      -3.50776       -7.72739            1.80067
127.223      -2.99899       -7.94172            1.80067
127.923      -2.6647       -7.83104            1.80067
128.623      -2.75424       -7.9966            1.80067
129.323      -2.51633       -8.70689            1.80067
130.023      -1.79916       -9.05985            1.80067
130.723      -1.31137       -9.36444            1.80067
131.423      -0.325832       -9.9924            1.80067
132.123      1.05447       -9.84783            1.80067
132.823      2.12813       -9.54459            1.80067
133.523      3.73802       -8.9486            1.80067
134.223      4.92705       -7.11385            1.80067
134.923      4.76176       -5.10411            1.80067
135.623      3.84628       -3.90275            1.80067
136.323      2.94495       -3.54044            1.80067
137.023      2.5447       -3.5682            1.80067
137.723      2.50229       -3.58847            1.80067
138.423      2.89074       -3.29859            1.80067
139.123      2.90385       -2.41567            1.80067
139.823      2.41746       -1.78655            1.80067
140.523      1.95367       -1.46945            1.80067
141.223      1.56758       -1.22562            1.80067
141.923      1.22016       -1.02662            1.80067
142.623      0.868521       -0.833252            1.80067
143.323      0.498819       -0.697151            1.80067
144.023      0.147244       -0.614709            1.80067
144.723      -0.181336       -0.565199            1.80067
145.423      -0.49303       -0.537624            1.80067
146.123      -0.795356       -0.527627            1.80067
146.823      -1.09594       -0.53488            1.80067
147.523      -1.40291       -0.562696            1.80067
148.223      -1.72562       -0.619599            1.80067
148.923      -2.0744       -0.724097            1.80067
149.623      -2.45495       -0.916138            1.80067
150.323      -2.83498       -1.27401            1.80067
151.023      -3.05162       -1.85777            1.80067
151.723      -2.90312       -2.47731            1.80067
152.423      -2.49526       -2.86662            1.80067
153.123      -1.99975       -2.94268            1.80067
153.823      -1.71227       -2.6955            1.80067
154.523      -1.73706       -2.48927            1.80067
155.223      -1.9179       -2.48214            1.80067
155.923      -1.96722       -2.78546            1.80067
156.623      -1.62088       -3.07585            1.80067
157.323      -1.09225       -2.92227            1.80067
158.023      -0.933683       -2.48299            1.80067
158.723      -1.05756       -2.17375            1.80067
159.423      -1.25267       -2.07336            1.80067
160.123      -1.39671       -2.08317            1.80067
160.823      -1.51383       -2.24968            1.80067
161.523      -1.32008       -2.56426            1.80067
162.223      -0.796949       -2.53104            1.80067
162.923      -0.444878       -2.07909            1.80067
163.623      -0.453806       -1.56157            1.80067
164.323      -0.666354       -1.17301            1.80067
165.023      -0.961065       -0.966235            1.80067
165.723      -1.19162       -0.886933            1.80067
166.423      -1.39232       -0.811426            1.80067
167.123      -1.62096       -0.800165            1.80067
167.823      -1.78817       -0.909571            1.80067
168.523      -1.75064       -0.997211            1.80067
169.223      -1.74868       -0.875551            1.80067
169.923      -1.87678       -0.824626            1.80067
170.623      -1.89126       -0.827944            1.80067
171.323      -1.90683       -0.668371            1.80067
172.023      -2.07105       -0.510237            1.80067
172.723      -2.28041       -0.429465            1.80067
173.423      -2.49269       -0.398017            1.80067
174.123      -2.70367       -0.398341            1.80067
174.823      -2.91631       -0.421535            1.80067
175.523      -3.14408       -0.466492            1.80067
176.223      -3.39811       -0.552967            1.80067
176.923      -3.67435       -0.714577            1.80067
177.623      -3.92868       -0.993268            1.80067
178.323      -4.09234       -1.36611            1.80067
179.023      -4.11935       -1.8446            1.80067
179.723      -3.88178       -2.25361            1.80067
180.423      -3.56887       -2.50105            1.80067
181.123      -3.16194       -2.54527            1.80067
181.823      -2.98289       -2.29544            1.80067
182.523      -3.16498       -2.22768            1.80067
183.223      -3.22781       -2.54184            1.80067
183.923      -2.88964       -2.75334            1.80067
184.623      -2.68557       -2.64898            1.80067
185.323      -2.62123       -2.66757            1.80067
186.023      -2.51919       -2.76254            1.80067
186.723      -2.17786       -2.90805            1.80067
187.423      -1.77639       -2.64446            1.80067
188.123      -1.70562       -2.29894            1.80067
188.823      -1.7849       -2.03625            1.80067
189.523      -2.04318       -1.92495            1.80067
190.223      -2.2907       -2.20079            1.80067
190.923      -1.99304       -2.7339            1.80067
191.623      -1.22356       -2.67555            1.80067
192.323      -0.818841       -2.09731            1.80067
193.023      -0.840945       -1.54562            1.80067
193.723      -1.04004       -1.18488            1.80067
194.423      -1.27109       -0.986795            1.80067
195.123      -1.4769       -0.907679            1.80067
195.823      -1.61176       -0.904923            1.80067
196.523      -1.65056       -0.892391            1.80067
197.223      -1.71277       -0.84035            1.80067
197.923      -1.72362       -0.837518            1.80067
198.623      -1.69315       -0.718875            1.80067
199.323      -1.797       -0.572551            1.80067
200.023      -1.95136       -0.545036            1.80067
200.723      -2.0083       -0.624741            1.80067
201.423      -1.90438       -0.607783            1.80067
202.123      -1.89671       -0.435532            1.80067
202.823      -1.9956       -0.308451            1.80067
203.523      -2.10653       -0.235983            1.80067
204.223      -2.2112       -0.191548            1.80067
204.923      -2.3068       -0.163844            1.80067
205.623      -2.39371       -0.145738            1.80067
206.323      -2.47374       -0.133365            1.80067
207.023      -2.54861       -0.124772            1.80067
207.723      -2.61973       -0.118962            1.80067
208.423      -2.68833       -0.11546            1.80067
209.123      -2.75549       -0.114135            1.80067
209.823      -2.82233       -0.115163            1.80067
210.523      -2.89009       -0.119089            1.80067
211.223      -2.96024       -0.127038            1.80067
211.923      -3.0347       -0.141198            1.80067
212.623      -3.11587       -0.165953            1.80067
213.323      -3.20607       -0.210614            1.80067
214.023      -3.30284       -0.295842            1.80067
214.723      -3.3735       -0.461574            1.80067
215.423      -3.28256       -0.699561            1.80067
216.123      -3.00571       -0.724848            1.80067
216.823      -2.90862       -0.559929            1.80067
217.523      -2.92937       -0.466928            1.80067
218.223      -2.94514       -0.407566            1.80067
218.923      -2.99298       -0.353279            1.80067
219.623      -3.05527       -0.354142            1.80067
220.323      -3.05011       -0.39753            1.80067
221.023      -2.99089       -0.351277            1.80067
221.723      -3.01856       -0.258267            1.80067
222.423      -3.09041       -0.209981            1.80067
223.123      -3.16523       -0.192815            1.80067
223.823      -3.24583       -0.201269            1.80067
224.523      -3.32499       -0.252122            1.80067
225.223      -3.36211       -0.368088            1.80067
225.923      -3.25166       -0.487997            1.80067
226.623      -3.09835       -0.410283            1.80067
227.323      -3.10176       -0.281528            1.80067
228.023      -3.16322       -0.227388            1.80067
228.723      -3.20111       -0.23096            1.80067
229.423      -3.18334       -0.22028            1.80067
230.123      -3.18812       -0.160027            1.80067
230.823      -3.22905       -0.113274            1.80067
231.523      -3.27477       -0.0871255            1.80067
232.223      -3.31674       -0.0719348            1.80067
232.923      -3.35448       -0.0622878            1.80067
233.623      -3.38873       -0.0556647            1.80067
234.323      -3.42025       -0.0508303            1.80067
235.023      -3.4496       -0.0471305            1.80067
235.723      -3.4772       -0.0441923            1.80067
236.423      -3.50335       -0.0417892            1.80067
237.123      -3.52828       -0.0397765            1.80067
237.823      -3.55217       -0.0380575            1.80067
238.523      -3.57516       -0.0365654            1.80067
239.223      -3.59734       -0.0352524            1.80067
239.923      -3.61882       -0.0340835            1.80067
240.623      -3.63966       -0.0330324            1.80067
241.323      -3.65991       -0.0320792            1.80067
242.023      -3.67964       -0.0312082            1.80067
242.723      -3.69889       -0.0304071            1.80067
243.423      -3.71768       -0.029666            1.80067
244.123      -3.73605       -0.028977            1.80067
244.823      -3.75404       -0.0283334            1.80067
245.523      -3.77166       -0.0277298            1.80067
246.223      -3.78893       -0.0271617            1.80067
246.923      -3.80589       -0.0266253            1.80067
247.623      -3.82253       -0.0261172            1.80067
248.323      -3.83888       -0.0256348            1.80067
249.023      -3.85495       -0.0251755            1.80067
249.723      -3.87076       -0.0247374            1.80067
250.423      -3.88631       -0.0243186            1.80067
251.123      -3.90162       -0.0239175            1.80067
251.823      -3.91669       -0.0235327            1.80067
252.523      -3.93155       -0.0231629            1.80067
253.223      -3.94618       -0.0228071            1.80067
253.923      -3.96061       -0.0224643            1.80067
254.623      -3.97484       -0.0221336            1.80067
255.323      -3.98887       -0.0218141            1.80067
256.023      -4.00272       -0.0215053            1.80067
256.723      -4.01638       -0.0212063            1.80067
257.423      -4.02987       -0.0209167            1.80067
258.123      -4.04319       -0.0206359            1.80067
258.823      -4.05634       -0.0203634            1.80067
259.523      -4.06933       -0.0200987            1.80067
260.223      -4.08216       -0.0198415            1.80067
260.923      -4.09484       -0.0195913            1.80067
261.623      -4.10738       -0.0193479            1.80067
262.323      -4.11977       -0.0191108            1.80067
263.023      -4.13201       -0.0188798            1.80067
263.723      -4.14413       -0.0186546            1.80067
264.423      -4.1561       -0.0184349            1.80067
265.123      -4.16795       -0.0182205            1.80067
265.823      -4.17967       -0.0180112            1.80067
266.523      -4.19126       -0.0178068            1.80067
267.223      -4.20273       -0.0176069            1.80067
