#
#
#   poles of the spectral functions (both aprticle and hole)
#
#   k = 2.41585 fm^-1 (group = 3)     and E_F = -50.9208 MeV
#
#
#    E               A(k,E)

-268.96       3.12726e-16
-268.802       0.000527136
-267.769       8.71697e-18
-265.769       0.000805527
-263.415       1.5639e-17
-261.539       4.48216e-16
-261.523       0.000151133
-261.069       2.23977e-19
-261.069       3.95056e-18
-260.655       7.81914e-21
-260.655       4.80899e-18
-260.598       3.71293e-18
-260.598       4.55819e-18
-260.212       3.8936e-18
-260.212       6.32267e-19
-260.201       4.25731e-18
-259.96       3.77116e-18
-259.855       8.09602e-19
-259.734       1.02833e-17
-259.604       1.96485e-19
-258.483       3.17902e-17
-257.663       9.16634e-17
-257.663       3.51145e-18
-257.581       0.000876377
-257.183       4.77477e-18
-257.128       1.27601e-18
-257.128       2.78058e-17
-257.037       1.08464e-17
-256.639       1.94772e-18
-256.551       1.18269e-18
-256.551       2.02922e-17
-256.462       9.79522e-18
-255.959       2.5549e-17
-255.29       1.04179e-18
-255.29       6.19593e-17
-254.936       0.0023632
-254.018       2.64263e-17
-254.018       2.62651e-18
-253.478       4.23579e-18
-251.056       0.0024545
-227.238       1.42933e-18
-225.671       0.00194585
-224.442       1.14789e-17
-224.442       5.0307e-17
-224.408       8.15346e-18
-223.818       1.62703e-16
-223.656       0.00180816
-223.453       1.83284e-16
-223.428       3.72694e-19
-223.355       3.84009e-17
-223.214       7.28923e-17
-222.852       4.85634e-17
-222.803       1.59796e-17
-222.715       1.75506e-17
-222.509       1.97651e-17
-222.405       4.06835e-17
-220.673       0.00164569
-220.168       6.98008e-17
-220.155       0.000677574
-219.76       2.16276e-17
-219.142       2.71051e-18
-219.14       6.23416e-19
-218.858       0.00194581
-217.837       1.9082e-17
-217.744       0
-217.67       1.94289e-16
-217.48       0.0010937
-217.318       1.11022e-16
-216.915       9.56266e-17
-216.826       0.000915557
-216.596       1.249e-16
-216.328       0.00029548
-216.17       4.07317e-05
-215.914       1.59595e-16
-215.727       0.00186174
-215.466       9.64506e-16
-215.337       0.00198798
-215.169       6.93889e-17
-214.866       2.77556e-17
-214.58       3.46945e-18
-214.089       6.33174e-17
-213.499       6.93889e-18
-212.798       2.63678e-16
-212.617       5.96745e-16
-212.215       0.00164002
-212.124       8.32667e-17
-211.82       9.71445e-17
-211.624       6.31439e-16
-211.276       0.0034372
-211.046       6.93889e-17
-210.785       4.16334e-17
-210.55       3.46945e-17
-210.138       1.77809e-17
-209.873       6.93889e-17
-209.762       5.55112e-17
-209.41       9.02056e-17
-209.22       0.00645549
-209.168       2.93006e-16
-208.804       0.00251359
-208.669       2.99138e-16
-206.702       2.11692e-06
-205.238       0.00145218
-204.798       6.09051e-18
-204.3       8.93851e-19
-203.669       5.69107e-18
-202.683       1.02953e-17
-202.488       1.53563e-17
-202.015       0.000462617
-193.487       3.46945e-18
-189.534       2.97787e-17
-189.245       8.8174e-18
-189.069       2.95699e-17
-187.967       1.18175e-15
-187.925       0.00161353
-187.755       5.55112e-17
-187.712       3.46945e-17
-187.654       2.42861e-17
-187.023       4.85723e-17
-186.646       3.1225e-17
-186.63       5.55112e-17
-185.053       2.70617e-16
-184.955       3.33067e-16
-184.86       0
-184.224       2.19898e-15
-184.187       0.00586031
-182.638       0.000392597
-182.633       1.63151e-15
-181.97       8.41341e-17
-181.244       0.000876445
-180.881       0.000591583
-180.651       0.00048687
-180.442       5.55112e-17
-179.401       0.00156261
-179.097       1.52656e-16
-178.868       3.1225e-17
-177.483       0.00444433
-177.39       5.48173e-16
-177.224       2.56739e-16
-176.197       0.00327407
-175.8       5.55112e-17
-175.099       2.22045e-16
-175.019       0.00471566
-174.73       0.00180448
-173.728       0.000960751
-172.993       4.16334e-17
-172.918       0.00184232
-172.517       7.28584e-17
-172.131       1.38778e-17
-170.664       0.00126524
-169.661       5.20417e-18
-168.039       4.42354e-17
-167.921       6.41848e-17
-167.554       0.00337455
-166.493       1.38778e-17
-166.232       0.000438293
-166.01       0.000325179
-165.036       0
-164.195       0.000554426
-163.969       0.00100661
-163.34       0.000623671
-163.01       7.63278e-17
-162.709       0.000550568
-162.011       6.59195e-17
-161.14       9.02056e-17
-160.728       2.08167e-17
-160.044       0.00156603
-159.005       7.28584e-17
-158.139       8.50015e-17
-157.828       0.00436315
-157.683       0.00134578
-157.07       3.46945e-18
-156.607       0.00136782
-156.179       0.00326284
-155.902       1.73472e-16
-155.626       0.000990793
-154.99       0.000811288
-154.713       5.54027e-17
-154.276       4.33681e-17
-153.035       0.000202365
-152.507       7.97973e-17
-152.082       3.81639e-17
-151.187       1.38778e-17
-150.904       0.000207127
-150.734       6.93889e-18
-150.531       6.93889e-17
-150.044       5.55112e-17
-149.624       1.21431e-16
-149.273       1.04083e-17
-149.034       0.000332405
-148.947       1.5786e-16
-148.864       5.20417e-17
-148.573       0.00724459
-148.332       1.22223e-16
-147.203       1.70752e-17
-145.874       1.89313e-17
-145.841       2.90278e-18
-145.819       3.17274e-17
-144.188       0.000707614
-144.026       3.69936e-17
-143.989       5.49793e-18
-137.494       0.00250983
-125.042       1.21971e-17
-124.993       2.63724e-17
-124.922       2.96483e-17
-124.176       3.79539e-16
-124.003       1.11413e-15
-123.971       0.00110771
-123.861       6.45317e-16
-123.833       1.249e-16
-123.426       5.20417e-18
-123.127       6.93889e-17
-123.103       1.38778e-16
-122.872       3.46945e-17
-122.715       2.08167e-17
-122.671       1.52656e-16
-122.569       6.93889e-18
-122.28       2.21177e-17
-120.528       1.04083e-17
-120.344       2.08167e-17
-120.102       2.77556e-17
-119.796       1.17961e-16
-119.756       0.00204033
-119.691       4.16334e-17
-119.537       2.77556e-17
-119.179       4.16334e-17
-118.816       5.55112e-17
-118.783       0.00161245
-118.42       1.52656e-16
-118.24       1.73472e-16
-117.901       4.16334e-17
-117.645       1.31839e-16
-117.567       1.31839e-16
-117.141       0.00102596
-116.738       6.75133e-16
-116.719       0.0104653
-116.636       9.02056e-17
-116.527       1.63064e-16
-116.341       4.16334e-17
-116.297       1.59595e-16
-115.542       0.00219636
-115.415       2.34188e-16
-115.334       2.38308e-16
-114.844       3.72966e-17
-114.742       2.81025e-16
-114.739       4.85723e-17
-114.052       2.17696e-17
-113.865       1.95021e-17
-113.507       1.74006e-17
-113.137       7.89977e-17
-113.087       3.1493e-16
-113.015       0.000533606
-112.839       3.62056e-17
-112.817       1.36579e-16
-112.72       1.38968e-16
-112.614       0.00270871
-112.308       1.06171e-16
-111.245       1.66533e-16
-111.245       2.02684e-17
-111.195       4.4607e-17
-109.966       0.00141703
-109.495       2.17064e-17
-109.495       1.79765e-17
-108.701       7.61121e-18
-107.671       0.000870768
-86.0001       8.67355e-18
-84.9181       1.69762e-17
-84.9181       8.39896e-18
-84.5416       7.22293e-18
-84.3583       5.4687e-18
-84.2061       4.18142e-17
-84.2061       1.42407e-17
-84.1224       5.80088e-18
-84.1224       2.61029e-17
-83.7256       8.01577e-18
-83.7012       2.96783e-19
-83.7       1.02192e-17
-83.6739       3.9278e-18
-83.2656       6.05608e-17
-83.2656       7.42555e-18
-82.7229       1.24773e-17
-82.1728       1.16654e-17
-81.5173       3.39224e-18
-81.5173       4.43948e-17
-80.956       4.36793e-15
-80.7949       0.00809909
-80.3635       9.89979e-18
-80.359       1.30198e-16
-80.359       2.6018e-17
-79.6971       1.19668e-16
-79.5217       2.41218e-17
-79.5217       1.23036e-17
-79.4808       9.34466e-18
-78.202       2.51538e-17
-77.89       3.16216e-17
-77.89       9.42764e-18
-76.774       1.7293e-16
-76.0566       1.12252e-15
-76.0494       0.00358529
-75.7062       2.5353e-16
-75.7062       4.3548e-18


-25.0836       0.06475
-9.84732       8.97042e-17
-9.78245       1.12441e-17
-9.78245       9.09377e-20
-8.93221       5.8042e-19
-8.93221       6.77657e-17
-7.67265       0.020795
-7.60568       1.72743e-17
-6.87258       1.13819e-17
-6.47878       3.95657e-18
-6.47878       1.40287e-17
-6.00451       1.5538e-16
-5.7186       0.0216988
-5.71012       6.3842e-17
-5.71012       2.62721e-18
-5.3988       5.38196e-17
-5.39879       6.53786e-18
-4.981       1.5969e-17
-4.83385       3.78344e-17
-4.48643       4.01346e-17
-4.35288       4.24964e-17
-3.84953       1.95583e-15
-3.31693       0.0052013
-2.93826       7.16288e-17
-2.71657       4.95012e-17
-2.64538       1.07106e-16
-2.56073       5.02391e-18
-2.35857       1.41206e-14
-2.22852       0.0186416
-2.14608       2.08206e-17
-2.13507       6.7069e-17
-1.84641       6.06361e-17
-1.71209       4.02108e-17
-1.11768       7.21985e-17
-1.07646       3.69877e-17
-0.81046       2.28526e-16
-0.795698       9.08392e-18
-0.481784       3.93183e-18
-0.0355385       4.19688e-17
0.732253       1.38518e-17
0.766113       1.06777e-17
0.839535       5.0221e-18
1.02397       0.00117048
1.56229       5.42861e-17
1.56233       6.41815e-17
2.65811       6.56294e-16
13.2443       0.168279
13.6309       5.32946e-16
13.6309       6.56793e-21
14.017       1.47923e-15
15.3842       0.141519
22.8946       0.00166528
23.2058       5.36412e-17
23.2709       6.83342e-17
23.707       1.46462e-16
24.1297       1.99368e-16
24.6499       5.90769e-16
24.8495       0.0313896
24.9182       6.15228e-16
25.389       2.86123e-16
25.8508       2.35974e-16
26.268       2.31882e-16
26.7291       0.104707
26.9717       0.0456322
27.3607       1.19108e-15
28.0774       2.30072e-15
28.3019       0.06129
28.5935       0.0903449
29.5715       0.0571386
29.7915       4.42289e-15
30.1769       0.00943144
31.009       0.00479514
31.8157       0.0237041
32.86       5.51146e-15
32.9397       0.0493883
33.9833       0.069961
34.2437       3.00028e-15
34.6558       0.149954
35.7569       1.33512e-15
36.2773       0.1468
36.9753       1.30221e-15
37.6166       7.9453e-16
38.4646       0.0944252
38.5522       4.02525e-15
39.2316       1.00821e-15
41.3449       1.53236e-15
41.6667       0.306802
44.1836       1.5756e-15
45.2871       0.243046
46.3181       2.94424e-15
46.536       7.27712e-16
50.2648       0.454242
51.0122       4.83586e-15
52.8483       0.0930396
53.4111       0.406901
54.8887       0.000600677
56.9668       0.0182523
57.0491       0.0363769
58.2202       0.142283
58.6365       0.0744218
60.0891       0.0306491
60.9042       0.0110256
61.1513       0.0570881
61.4637       0.00930901
61.6181       0.00458398
62.1644       0.123711
62.2118       0.0468612
62.5158       0.0486892
63.2158       0.0215709
64.3484       0.0223406
64.9186       0.0679043
65.5518       0.0502068
65.7423       0.0176285
66.1704       0.00907962
66.6242       0.0119523
66.8365       0.00722705
67.5601       0.0194548
68.1665       0.0115059
68.8824       0.0189765
69.4749       0.0300456
70.0627       0.0226268
70.4427       0.0168071
71.3467       0.24077
72.2809       0.0943081
73.2831       6.16956e-10
73.9287       0.263481
76.5054       0.159935
76.7136       0.205317
83.3269       0.014762
84.3108       0.00198104
86.5388       0.119435
87.0677       0.0438645
87.2978       0.0112864
87.5324       0.0163042
88.5223       0.0140598
90.4941       0.036427
90.5448       0.0129854
91.1225       0.0220743
91.4148       0.0663558
91.6613       0.0613712
92.3458       0.0289175
93.418       0.0282552
93.5993       0.0177865
93.8941       0.0123121
94.8999       0.00771876
95.6943       0.0199809
95.779       0.0655238
96.8585       0.0067988
97.5549       0.00802624
98.1713       0.0269556
98.3412       0.0249771
98.8588       0.0191394
99.9377       0.0142839
100.743       0.0317831
101.026       0.00178109
101.603       0.00189989
101.966       0.0129559
103.757       0.0343953
106.021       0.0204205
108.027       0.0516125
115.965       9.15781e-12
118.19       0.00896616
118.557       0.0112024
119.216       0.00332002
119.56       0.00885815
119.75       0.0170831
120.196       0.00672637
120.715       0.0113231
120.957       0.0188248
121.308       0.0229137
121.921       0.00805639
122.843       0.0168541
123.167       0.00908556
123.899       0.0157368
124.438       0.0153399
124.666       0.0128442
125.389       0.00731017
126.316       0.0103535
126.645       0.0181848
127.381       0.0149608
127.718       0.0473753
128.008       0.0326841
128.532       0.0166349
128.887       0.00755614
129.588       0.00578427
131.088       0.00610055
131.319       0.060318
132.036       0.0126967
132.385       0.010004
133.355       0.00281696
133.721       0.00176655
134.453       0.00429043
135.919       0.00197861
136.581       0.0252913
137.461       0.00284955
139.125       0.0177957
141.194       1.2886e-16
142.076       0.00318478
143.365       1.02204e-17
150.689       0.00134264
151.221       0.00442163
151.587       0.00142575
152.232       0.00351648
152.464       0.0061573
152.791       0.00630635
154.519       0.0113782
154.652       1.23829e-15
155.955       0.00668945
156.674       0.00748003
158.317       0.000441425
158.413       0.000530205
158.72       0.000787559
160.261       7.71521e-17
160.812       0.00296573
161.913       3.163e-17
163.332       5.39305e-17
164.013       6.83059e-16
164.268       0.00992624
164.894       0.00865289
166.357       1.00448e-16
166.732       0.00255662
167.361       3.4847e-17
168.652       4.54154e-17
169.113       0.0133487
169.406       1.48866e-16
170.773       1.4045e-16
171.311       5.48006e-17
171.742       2.84682e-17
172.359       0.000523302
172.435       6.86567e-18
173.181       7.73496e-17
173.316       8.72026e-17
179.724       0.00153737
179.731       5.5458e-17
180.148       2.44539e-17
180.286       0.00515584
181.223       5.29672e-17
181.311       0.00727868
181.691       1.65128e-17
182.473       5.3264e-18
182.519       0.00267391
183.687       3.48872e-17
184.087       0.00101838
184.784       4.97565e-16
184.993       0.00858738
185.29       2.15505e-16
186.126       0.00447344
186.412       0.000379113
187.333       0.0017108
187.358       1.28811e-15
188.005       0.000713108
188.291       0.00571225
188.856       0.00300609
189.298       0.00164944
189.785       7.65979e-17
190.264       0.00324685
190.397       2.11809e-16
191.125       0.00170282
191.257       2.28263e-16
191.633       0.00588443
191.912       0.00741997
192.247       5.38561e-16
192.521       1.08298e-16
193.027       8.83282e-17
193.417       1.69414e-17
193.624       2.50009e-18
193.911       0.00850124
194.045       0.00240125
194.057       1.94141e-18
194.478       8.42963e-18
194.772       1.56292e-16
194.931       1.02176e-16
195.012       0.0031996
195.142       6.88372e-17
195.3       1.73611e-17
195.382       1.7999e-17
195.44       9.43527e-17
195.673       3.7356e-18
196.032       7.37472e-18
196.116       3.02316e-17
197.107       5.76441e-18
198.011       3.07264e-18
198.011       1.17817e-17
216.464       2.31819e-16
216.906       2.10955e-16
216.906       1.81234e-19
217.039       0.00467363
219.259       3.92246e-18
219.747       6.02055e-18
219.78       5.08958e-18
220.222       3.57103e-18
220.337       0.00126258
220.865       4.21873e-17
221.732       1.00282e-17
221.732       6.77404e-20
222.351       2.97271e-20
222.351       5.25388e-19
222.373       5.13011e-19
222.373       1.27991e-17
223.03       4.77564e-20
223.03       1.47271e-18
