#
#
#   Lonertzian-smoothed spectral function (both aprticle and hole)
#
#   k = 0 fm^-1      and E_F = -50.9208 MeV
#
#
#    E               A(k,E)           k 

-301.432       1.11261e-05       0
-300.732       1.12147e-05       0
-300.032       1.13044e-05       0
-299.332       1.13953e-05       0
-298.632       1.14873e-05       0
-297.932       1.15804e-05       0
-297.232       1.16747e-05       0
-296.532       1.17702e-05       0
-295.832       1.18669e-05       0
-295.132       1.19649e-05       0
-294.432       1.20641e-05       0
-293.732       1.21645e-05       0
-293.032       1.22663e-05       0
-292.332       1.23694e-05       0
-291.632       1.24739e-05       0
-290.932       1.25797e-05       0
-290.232       1.26869e-05       0
-289.532       1.27956e-05       0
-288.832       1.29057e-05       0
-288.132       1.30173e-05       0
-287.432       1.31303e-05       0
-286.732       1.32449e-05       0
-286.032       1.33611e-05       0
-285.332       1.34789e-05       0
-284.632       1.35982e-05       0
-283.932       1.37192e-05       0
-283.232       1.3842e-05       0
-282.532       1.39664e-05       0
-281.832       1.40925e-05       0
-281.132       1.42205e-05       0
-280.432       1.43502e-05       0
-279.732       1.44819e-05       0
-279.032       1.46153e-05       0
-278.332       1.47508e-05       0
-277.632       1.48882e-05       0
-276.932       1.50276e-05       0
-276.232       1.5169e-05       0
-275.532       1.53125e-05       0
-274.832       1.54582e-05       0
-274.132       1.5606e-05       0
-273.432       1.5756e-05       0
-272.732       1.59083e-05       0
-272.032       1.60629e-05       0
-271.332       1.62199e-05       0
-270.632       1.63793e-05       0
-269.932       1.65411e-05       0
-269.232       1.67055e-05       0
-268.532       1.68724e-05       0
-267.832       1.70419e-05       0
-267.132       1.72142e-05       0
-266.432       1.73891e-05       0
-265.732       1.75669e-05       0
-265.032       1.77475e-05       0
-264.332       1.79311e-05       0
-263.632       1.81176e-05       0
-262.932       1.83073e-05       0
-262.232       1.85e-05       0
-261.532       1.8696e-05       0
-260.832       1.88952e-05       0
-260.132       1.90978e-05       0
-259.432       1.93038e-05       0
-258.732       1.95134e-05       0
-258.032       1.97265e-05       0
-257.332       1.99433e-05       0
-256.632       2.01639e-05       0
-255.932       2.03884e-05       0
-255.232       2.06169e-05       0
-254.532       2.08494e-05       0
-253.832       2.1086e-05       0
-253.132       2.1327e-05       0
-252.432       2.15723e-05       0
-251.732       2.18221e-05       0
-251.032       2.20765e-05       0
-250.332       2.23357e-05       0
-249.632       2.25997e-05       0
-248.932       2.28686e-05       0
-248.232       2.31427e-05       0
-247.532       2.3422e-05       0
-246.832       2.37067e-05       0
-246.132       2.39969e-05       0
-245.432       2.42929e-05       0
-244.732       2.45946e-05       0
-244.032       2.49024e-05       0
-243.332       2.52163e-05       0
-242.632       2.55366e-05       0
-241.932       2.58634e-05       0
-241.232       2.6197e-05       0
-240.532       2.65375e-05       0
-239.832       2.6885e-05       0
-239.132       2.724e-05       0
-238.432       2.76024e-05       0
-237.732       2.79727e-05       0
-237.032       2.8351e-05       0
-236.332       2.87375e-05       0
-235.632       2.91325e-05       0
-234.932       2.95364e-05       0
-234.232       2.99493e-05       0
-233.532       3.03716e-05       0
-232.832       3.08036e-05       0
-232.132       3.12455e-05       0
-231.432       3.16977e-05       0
-230.732       3.21606e-05       0
-230.032       3.26346e-05       0
-229.332       3.31199e-05       0
-228.632       3.3617e-05       0
-227.932       3.41263e-05       0
-227.232       3.46482e-05       0
-226.532       3.51832e-05       0
-225.832       3.57318e-05       0
-225.132       3.62944e-05       0
-224.432       3.68716e-05       0
-223.732       3.74639e-05       0
-223.032       3.80719e-05       0
-222.332       3.86962e-05       0
-221.632       3.93374e-05       0
-220.932       3.99962e-05       0
-220.232       4.06733e-05       0
-219.532       4.13694e-05       0
-218.832       4.20853e-05       0
-218.132       4.28219e-05       0
-217.432       4.358e-05       0
-216.732       4.43605e-05       0
-216.032       4.51643e-05       0
-215.332       4.59926e-05       0
-214.632       4.68465e-05       0
-213.932       4.77269e-05       0
-213.232       4.86353e-05       0
-212.532       4.95729e-05       0
-211.832       5.0541e-05       0
-211.132       5.15412e-05       0
-210.432       5.25751e-05       0
-209.732       5.36442e-05       0
-209.032       5.47504e-05       0
-208.332       5.58957e-05       0
-207.632       5.7082e-05       0
-206.932       5.83116e-05       0
-206.232       5.95868e-05       0
-205.532       6.09102e-05       0
-204.832       6.22845e-05       0
-204.132       6.37127e-05       0
-203.432       6.51979e-05       0
-202.732       6.67436e-05       0
-202.032       6.83535e-05       0
-201.332       7.00317e-05       0
-200.632       7.17826e-05       0
-199.932       7.36109e-05       0
-199.232       7.5522e-05       0
-198.532       7.75215e-05       0
-197.832       7.96158e-05       0
-197.132       8.18118e-05       0
-196.432       8.41171e-05       0
-195.732       8.65401e-05       0
-195.032       8.90902e-05       0
-194.332       9.17777e-05       0
-193.632       9.46143e-05       0
-192.932       9.76129e-05       0
-192.232       0.000100788       0
-191.532       0.000104156       0
-190.832       0.000107735       0
-190.132       0.000111547       0
-189.432       0.000115616       0
-188.732       0.000119968       0
-188.032       0.000124637       0
-187.332       0.000129658       0
-186.632       0.000135074       0
-185.932       0.000140937       0
-185.232       0.000147304       0
-184.532       0.000154248       0
-183.832       0.000161852       0
-183.132       0.00017022       0
-182.432       0.000179477       0
-181.732       0.000189776       0
-181.032       0.000201313       0
-180.332       0.000214329       0
-179.632       0.000229138       0
-178.932       0.000246145       0
-178.232       0.000265886       0
-177.532       0.000289086       0
-176.832       0.000316738       0
-176.132       0.000350244       0
-175.432       0.000391633       0
-174.732       0.000443935       0
-174.032       0.000511845       0
-173.332       0.000602942       0
-172.632       0.000730096       0
-171.932       0.000916459       0
-171.232       0.00120662       0
-170.532       0.00169313       0
-169.832       0.00258076       0
-169.132       0.00430298       0
-168.432       0.00719345       0
-167.732       0.00849867       0
-167.032       0.00591384       0
-166.332       0.00359831       0
-165.632       0.00243651       0
-164.932       0.00191749       0
-164.232       0.00175523       0
-163.532       0.00187272       0
-162.832       0.00234912       0
-162.132       0.00341137       0
-161.432       0.00478601       0
-160.732       0.0044266       0
-160.032       0.00305266       0
-159.332       0.00225533       0
-158.632       0.00194592       0
-157.932       0.0019182       0
-157.232       0.00210044       0
-156.532       0.00251626       0
-155.832       0.00329104       0
-155.132       0.00473762       0
-154.432       0.00756118       0
-153.732       0.0127241       0
-153.032       0.0171003       0
-152.332       0.0135099       0
-151.632       0.00872712       0
-150.932       0.00655144       0
-150.232       0.00638667       0
-149.532       0.00802724       0
-148.832       0.0103745       0
-148.132       0.00913497       0
-147.432       0.0063381       0
-146.732       0.00487052       0
-146.032       0.00449971       0
-145.332       0.00495362       0
-144.632       0.00636334       0
-143.932       0.00918743       0
-143.232       0.0142748       0
-142.532       0.0186277       0
-141.832       0.0150756       0
-141.132       0.0105445       0
-140.432       0.00888643       0
-139.732       0.00965624       0
-139.032       0.0131949       0
-138.332       0.0209783       0
-137.632       0.0299696       0
-136.932       0.0260147       0
-136.232       0.0170094       0
-135.532       0.0126612       0
-134.832       0.0114333       0
-134.132       0.0117297       0
-133.432       0.0139408       0
-132.732       0.0129795       0
-132.032       0.00847068       0
-131.332       0.00535663       0
-130.632       0.00369287       0
-129.932       0.00276586       0
-129.232       0.00220734       0
-128.532       0.00184861       0
-127.832       0.00160802       0
-127.132       0.00144311       0
-126.432       0.0013305       0
-125.732       0.00125702       0
-125.032       0.00121585       0
-124.332       0.00120511       0
-123.632       0.00122887       0
-122.932       0.0013015       0
-122.232       0.00145339       0
-121.532       0.00167617       0
-120.832       0.00173549       0
-120.132       0.00164886       0
-119.432       0.00164893       0
-118.732       0.00174597       0
-118.032       0.00192143       0
-117.332       0.00217725       0
-116.632       0.00253271       0
-115.932       0.00302569       0
-115.232       0.00372178       0
-114.532       0.00473543       0
-113.832       0.00627564       0
-113.132       0.00874903       0
-112.432       0.0130064       0
-111.732       0.0209385       0
-111.032       0.0365018       0
-110.332       0.0620638       0
-109.632       0.0710522       0
-108.932       0.0469859       0
-108.232       0.0265769       0
-107.532       0.0158941       0
-106.832       0.0103352       0
-106.132       0.00721791       0
-105.432       0.00533621       0
-104.732       0.00413303       0
-104.032       0.00333476       0
-103.332       0.00280364       0
-102.632       0.00248023       0
-101.932       0.00236006       0
-101.232       0.00237415       0
-100.532       0.00215206       0
-99.832       0.00180497       0
-99.132       0.00163658       0
-98.432       0.00161637       0
-97.732       0.00148725       0
-97.032       0.00124298       0
-96.332       0.00107025       0
-95.632       0.000958901       0
-94.932       0.000885687       0
-94.232       0.000837159       0
-93.532       0.000804932       0
-92.832       0.000784675       0
-92.132       0.000774204       0
-91.432       0.000772494       0
-90.732       0.000779251       0
-90.032       0.000794762       0
-89.332       0.000819893       0
-88.632       0.000856205       0
-87.932       0.000906238       0
-87.232       0.000974032       0
-86.532       0.00106613       0
-85.832       0.00119357       0
-85.132       0.00137598       0
-84.432       0.0016508       0
-83.732       0.00209528       0
-83.032       0.00287927       0
-82.332       0.00435504       0
-81.632       0.00671983       0
-80.932       0.00760654       0
-80.232       0.00567411       0
-79.532       0.00415116       0
-78.832       0.003545       0
-78.712       0.00350303       0
-78.592       0.00347493       0
-78.472       0.00345959       0
-78.352       0.00345603       0
-78.232       0.0034635       0
-78.112       0.00348135       0
-77.992       0.00350909       0
-77.872       0.00354635       0
-77.752       0.00359286       0
-77.632       0.00364846       0
-77.512       0.00371308       0
-77.392       0.00378672       0
-77.272       0.00386949       0
-77.152       0.00396156       0
-77.032       0.00406319       0
-76.912       0.00417472       0
-76.792       0.00429657       0
-76.672       0.00442924       0
-76.552       0.00457332       0
-76.432       0.0047295       0
-76.312       0.00489857       0
-76.192       0.00508144       0
-76.072       0.00527913       0
-75.952       0.0054928       0
-75.832       0.00572378       0
-75.712       0.00597353       0
-75.592       0.00624374       0
-75.472       0.00653631       0
-75.352       0.00685337       0
-75.232       0.00719733       0
-75.112       0.00757095       0
-74.992       0.00797732       0
-74.872       0.00841998       0
-74.752       0.00890294       0
-74.632       0.00943078       0
-74.512       0.0100087       0
-74.392       0.0106428       0
-74.272       0.0113398       0
-74.152       0.0121076       0
-74.032       0.0129554       0
-73.912       0.0138934       0
-73.792       0.0149339       0
-73.672       0.0160905       0
-73.552       0.0173792       0
-73.432       0.0188185       0
-73.312       0.0204293       0
-73.192       0.0222357       0
-73.072       0.0242647       0
-72.952       0.0265467       0
-72.832       0.0291149       0
-72.712       0.0320046       0
-72.592       0.0352516       0
-72.472       0.0388893       0
-72.352       0.0429439       0
-72.232       0.0474267       0
-72.112       0.0523235       0
-71.992       0.0575803       0
-71.872       0.0630858       0
-71.752       0.0686551       0
-71.632       0.0740196       0
-71.512       0.0788336       0
-71.392       0.0827069       0
-71.272       0.0852661       0
-71.152       0.0862337       0
-71.032       0.0854979       0
-70.912       0.0831435       0
-70.792       0.0794284       0
-70.672       0.0747172       0
-70.552       0.0694023       0
-70.432       0.0638382       0
-70.312       0.0583052       0
-70.192       0.0529996       0
-70.072       0.0480422       0
-69.952       0.0434939       0
-69.832       0.0393736       0
-69.712       0.0356728       0
-69.592       0.0323669       0
-69.472       0.029423       0
-69.352       0.0268057       0
-69.232       0.0244792       0
-69.112       0.0224101       0
-68.992       0.0205676       0
-68.872       0.0189241       0
-68.752       0.0174551       0
-68.632       0.0161393       0
-68.512       0.0149578       0
-68.392       0.0138945       0
-68.272       0.012935       0
-68.152       0.0120673       0
-68.032       0.0112805       0
-67.912       0.0105655       0
-67.792       0.00991411       0
-67.672       0.00931942       0
-67.552       0.00877527       0
-67.432       0.00827629       0
-67.312       0.00781779       0
-67.192       0.00739565       0
-67.072       0.00700623       0
-66.952       0.00664633       0
-66.832       0.00631311       0
-66.712       0.00600406       0
-66.592       0.00571695       0
-66.472       0.0054498       0
-66.352       0.00520084       0
-66.232       0.00496847       0
-66.112       0.00475129       0
-65.992       0.00454802       0
-65.872       0.00435751       0
-65.752       0.00417874       0
-65.632       0.00401077       0
-65.512       0.00385276       0
-65.392       0.00370394       0
-65.272       0.00356363       0
-65.152       0.0034312       0
-65.032       0.00330607       0
-64.912       0.00318772       0
-64.792       0.00307567       0
-64.672       0.00296949       0
-64.552       0.00286877       0
-64.432       0.00277316       0
-64.312       0.00268232       0
-64.192       0.00259592       0
-64.072       0.0025137       0
-63.952       0.00243539       0
-63.832       0.00236074       0
-63.712       0.00228953       0
-63.592       0.00222155       0
-63.472       0.00215661       0
-63.352       0.00209454       0
-63.232       0.00203516       0
-63.112       0.00197833       0
-62.992       0.0019239       0
-62.872       0.00187173       0
-62.752       0.00182171       0
-62.632       0.00177372       0
-62.512       0.00172765       0
-62.392       0.00168339       0
-62.272       0.00164086       0
-62.152       0.00159996       0
-62.032       0.00156062       0
-61.912       0.00152275       0
-61.792       0.00148628       0
-61.672       0.00145115       0
-61.552       0.00141729       0
-61.432       0.00138463       0
-61.312       0.00135313       0
-61.192       0.00132272       0
-61.072       0.00129337       0
-60.952       0.00126501       0
-60.832       0.0012376       0
-60.712       0.00121111       0
-60.592       0.00118549       0
-60.472       0.00116071       0
-60.352       0.00113672       0
-60.232       0.00111349       0
-60.112       0.001091       0
-59.992       0.00106921       0
-59.872       0.00104809       0
-59.752       0.00102762       0
-59.632       0.00100776       0
-59.512       0.000988496       0
-59.392       0.000969803       0
-59.272       0.000951658       0
-59.152       0.000934038       0
-59.032       0.000916925       0
-58.912       0.000900298       0
-58.792       0.00088414       0
-58.672       0.000868432       0
-58.552       0.000853158       0
-58.432       0.000838302       0
-58.312       0.000823849       0
-58.192       0.000809784       0
-58.072       0.000796093       0
-57.952       0.000782763       0
-57.832       0.000769781       0
-57.712       0.000757135       0
-57.592       0.000744814       0
-57.472       0.000732806       0
-57.352       0.000721101       0
-57.232       0.000709688       0
-57.112       0.000698559       0
-56.992       0.000687702       0
-56.872       0.00067711       0
-56.752       0.000666774       0
-56.632       0.000656685       0
-56.512       0.000646836       0
-56.392       0.000637219       0
-56.272       0.000627827       0
-56.152       0.000618652       0
-56.032       0.000609688       0
-55.912       0.000600929       0
-55.792       0.000592367       0
-55.672       0.000583998       0
-55.552       0.000575815       0
-55.432       0.000567813       0
-55.312       0.000559987       0
-55.192       0.00055233       0
-55.072       0.000544839       0
-54.952       0.000537508       0
-54.832       0.000530334       0
-54.712       0.00052331       0
-54.592       0.000516434       0
-54.472       0.000509701       0
-54.352       0.000503107       0
-54.232       0.000496648       0
-54.112       0.00049032       0
-53.992       0.000484121       0
-53.872       0.000478045       0
-53.752       0.000472091       0
-53.632       0.000466254       0
-53.512       0.000460532       0
-53.392       0.000454921       0
-53.272       0.00044942       0
-53.152       0.000444024       0
-53.032       0.000438731       0
-52.912       0.000433538       0
-52.792       0.000428444       0
-52.672       0.000423444       0
-52.552       0.000418538       0
-52.432       0.000413722       0
-52.312       0.000408995       0
-52.192       0.000404354       0
-52.072       0.000399797       0
-52.072       0       0


-49.7967       0       0
-49.7967       0.000326917       0
-49.6767       0.00032368       0
-49.5567       0.000320494       0
-49.4367       0.000317358       0
-49.3167       0.000314272       0
-49.1967       0.000311235       0
-49.0767       0.000308244       0
-48.9567       0.0003053       0
-48.8367       0.000302402       0
-48.7167       0.000299547       0
-48.5967       0.000296737       0
-48.4767       0.000293968       0
-48.3567       0.000291242       0
-48.2367       0.000288556       0
-48.1167       0.000285911       0
-47.9967       0.000283305       0
-47.8767       0.000280737       0
-47.7567       0.000278206       0
-47.6367       0.000275713       0
-47.5167       0.000273256       0
-47.3967       0.000270835       0
-47.2767       0.000268448       0
-47.1567       0.000266095       0
-47.0367       0.000263776       0
-46.9167       0.00026149       0
-46.7967       0.000259235       0
-46.6767       0.000257013       0
-46.5567       0.000254821       0
-46.4367       0.00025266       0
-46.3167       0.000250528       0
-46.1967       0.000248426       0
-46.0767       0.000246352       0
-45.9567       0.000244307       0
-45.8367       0.000242289       0
-45.7167       0.000240299       0
-45.5967       0.000238335       0
-45.4767       0.000236397       0
-45.3567       0.000234485       0
-45.2367       0.000232598       0
-45.1167       0.000230737       0
-44.9967       0.000228899       0
-44.8767       0.000227085       0
-44.7567       0.000225295       0
-44.6367       0.000223528       0
-44.5167       0.000221784       0
-44.3967       0.000220061       0
-44.2767       0.000218361       0
-44.1567       0.000216682       0
-44.0367       0.000215025       0
-43.9167       0.000213388       0
-43.7967       0.000211772       0
-43.6767       0.000210176       0
-43.5567       0.000208599       0
-43.4367       0.000207042       0
-43.3167       0.000205504       0
-43.1967       0.000203985       0
-43.0767       0.000202484       0
-42.9567       0.000201002       0
-42.8367       0.000199537       0
-42.7167       0.00019809       0
-42.5967       0.000196661       0
-42.4767       0.000195248       0
-42.3567       0.000193852       0
-42.2367       0.000192473       0
-42.1167       0.000191109       0
-41.9967       0.000189762       0
-41.8767       0.000188431       0
-41.7567       0.000187114       0
-41.6367       0.000185814       0
-41.5167       0.000184528       0
-41.3967       0.000183257       0
-41.2767       0.000182       0
-41.1567       0.000180758       0
-41.0367       0.000179529       0
-40.9167       0.000178315       0
-40.7967       0.000177114       0
-40.6767       0.000175927       0
-40.5567       0.000174753       0
-40.4367       0.000173592       0
-40.3167       0.000172444       0
-40.1967       0.000171309       0
-40.0767       0.000170186       0
-39.9567       0.000169075       0
-39.8367       0.000167977       0
-39.7167       0.00016689       0
-39.5967       0.000165815       0
-39.4767       0.000164752       0
-39.3567       0.0001637       0
-39.2367       0.00016266       0
-39.1167       0.00016163       0
-38.9967       0.000160612       0
-38.8767       0.000159604       0
-38.7567       0.000158607       0
-38.6367       0.000157621       0
-38.5167       0.000156645       0
-38.3967       0.000155679       0
-38.2767       0.000154723       0
-38.1567       0.000153777       0
-38.0367       0.000152841       0
-37.9167       0.000151914       0
-37.7967       0.000150997       0
-37.6767       0.000150089       0
-37.5567       0.000149191       0
-37.4367       0.000148302       0
-37.3167       0.000147422       0
-37.1967       0.00014655       0
-37.0767       0.000145688       0
-36.9567       0.000144834       0
-36.8367       0.000143989       0
-36.7167       0.000143152       0
-36.5967       0.000142323       0
-36.4767       0.000141503       0
-36.3567       0.000140691       0
-36.2367       0.000139887       0
-36.1167       0.00013909       0
-35.9967       0.000138302       0
-35.8767       0.000137521       0
-35.7567       0.000136748       0
-35.6367       0.000135983       0
-35.5167       0.000135224       0
-35.3967       0.000134474       0
-35.2767       0.00013373       0
-35.1567       0.000132994       0
-35.0367       0.000132264       0
-34.9167       0.000131542       0
-34.7967       0.000130826       0
-34.6767       0.000130118       0
-34.5567       0.000129416       0
-34.4367       0.000128721       0
-34.3167       0.000128032       0
-34.1967       0.00012735       0
-34.0767       0.000126674       0
-33.9567       0.000126004       0
-33.8367       0.000125341       0
-33.7167       0.000124684       0
-33.5967       0.000124033       0
-33.4767       0.000123389       0
-33.3567       0.00012275       0
-33.2367       0.000122117       0
-33.1167       0.00012149       0
-32.9967       0.000120869       0
-32.8767       0.000120253       0
-32.7567       0.000119643       0
-32.6367       0.000119039       0
-32.5167       0.00011844       0
-32.3967       0.000117847       0
-32.2767       0.000117259       0
-32.1567       0.000116677       0
-32.0367       0.000116099       0
-31.9167       0.000115527       0
-31.7967       0.000114961       0
-31.6767       0.000114399       0
-31.5567       0.000113843       0
-31.4367       0.000113291       0
-31.3167       0.000112744       0
-31.1967       0.000112203       0
-31.0767       0.000111666       0
-30.9567       0.000111134       0
-30.8367       0.000110607       0
-30.7167       0.000110085       0
-30.5967       0.000109567       0
-30.4767       0.000109054       0
-30.3567       0.000108545       0
-30.2367       0.000108041       0
-30.1167       0.000107542       0
-29.9967       0.000107047       0
-29.8767       0.000106557       0
-29.7567       0.00010607       0
-29.6367       0.000105589       0
-29.5167       0.000105111       0
-29.3967       0.000104638       0
-29.2767       0.000104169       0
-29.1567       0.000103704       0
-29.0367       0.000103243       0
-28.9167       0.000102787       0
-28.7967       0.000102334       0
-28.6767       0.000101886       0
-28.5567       0.000101442       0
-28.4367       0.000101001       0
-28.3167       0.000100565       0
-28.1967       0.000100132       0
-28.0767       9.97035e-05       0
-27.9567       9.92786e-05       0
-27.8367       9.88577e-05       0
-27.7167       9.84405e-05       0
-27.5967       9.80271e-05       0
-27.4767       9.76174e-05       0
-27.3567       9.72114e-05       0
-27.2367       9.68091e-05       0
-27.1167       9.64105e-05       0
-26.9967       9.60156e-05       0
-26.8767       9.56242e-05       0
-26.7567       9.52365e-05       0
-26.6367       9.48523e-05       0
-26.5167       9.44716e-05       0
-26.3967       9.40945e-05       0
-26.2767       9.37209e-05       0
-26.1567       9.33507e-05       0
-26.0367       9.2984e-05       0
-25.9167       9.26208e-05       0
-25.7967       9.2261e-05       0
-25.6767       9.19046e-05       0
-25.5567       9.15516e-05       0
-25.4367       9.1202e-05       0
-25.3167       9.08557e-05       0
-25.1967       9.05128e-05       0
-25.0767       9.01732e-05       0
-24.9567       8.98369e-05       0
-24.8367       8.95039e-05       0
-24.7167       8.91742e-05       0
-24.5967       8.88478e-05       0
-24.4767       8.85247e-05       0
-24.3567       8.82048e-05       0
-24.2367       8.78882e-05       0
-24.1167       8.75748e-05       0
-23.9967       8.72647e-05       0
-23.8767       8.69578e-05       0
-23.7567       8.66541e-05       0
-23.6367       8.63536e-05       0
-23.5167       8.60564e-05       0
-23.3967       8.57623e-05       0
-23.2767       8.54715e-05       0
-23.1567       8.51838e-05       0
-23.0367       8.48994e-05       0
-22.9167       8.46182e-05       0
-22.7967       8.43402e-05       0
-22.6767       8.40653e-05       0
-22.5567       8.37937e-05       0
-22.4367       8.35254e-05       0
-22.3167       8.32602e-05       0
-21.6167       8.1778e-05       0
-20.9167       8.04079e-05       0
-20.2167       7.91532e-05       0
-19.5167       7.80197e-05       0
-18.8167       7.70149e-05       0
-18.1167       7.61498e-05       0
-17.4167       7.54388e-05       0
-16.7167       7.49016e-05       0
-16.0167       7.45647e-05       0
-15.3167       7.44637e-05       0
-14.6167       7.46475e-05       0
-13.9167       7.51838e-05       0
-13.2167       7.61676e-05       0
-12.5167       7.77359e-05       0
-11.8167       8.00902e-05       0
-11.1167       8.35369e-05       0
-10.4167       8.85575e-05       0
-9.71675       9.59419e-05       0
-9.01675       0.000107051       0
-8.31675       0.000124373       0
-7.61675       0.000152777       0
-6.91675       0.000202527       0
-6.21675       0.000296495       0
-5.51675       0.00048109       0
-4.81675       0.000766561       0
-4.11675       0.000814842       0
-3.41675       0.000535757       0
-2.71675       0.000325038       0
-2.01675       0.000216532       0
-1.31675       0.000159954       0
-0.616747       0.000128315       0
0.0832526       0.000109583       0
0.783253       9.82022e-05       0
1.48325       9.14809e-05       0
2.18325       8.81131e-05       0
2.88325       8.7578e-05       0
3.58325       8.99316e-05       0
4.28325       9.58486e-05       0
4.98325       0.000106954       0
5.68325       0.000126708       0
6.38325       0.000162625       0
7.08325       0.000231581       0
7.78325       0.000367159       0
8.48325       0.000569137       0
9.18325       0.000586325       0
9.88325       0.000393731       0
10.5833       0.000262129       0
11.2833       0.000209584       0
11.9833       0.000207664       0
12.6833       0.000214575       0
13.3833       0.000179159       0
14.0833       0.000146327       0
14.7833       0.000137157       0
15.4833       0.000149594       0
16.1833       0.000186472       0
16.8833       0.000239272       0
17.5833       0.00030306       0
18.2833       0.000436386       0
18.9833       0.000552747       0
19.6833       0.000430137       0
20.3833       0.000273887       0
21.0833       0.000195159       0
21.7833       0.000171249       0
22.4833       0.000183389       0
23.1833       0.00018248       0
23.8833       0.000136554       0
24.5833       9.87521e-05       0
25.2833       7.79569e-05       0
25.9833       6.65609e-05       0
26.6833       6.02127e-05       0
27.3833       5.71195e-05       0
28.0833       5.68744e-05       0
28.7833       6.02586e-05       0
29.4833       6.99071e-05       0
30.1833       9.09059e-05       0
30.8833       0.000117813       0
31.5833       0.000108885       0
32.2833       7.8928e-05       0
32.9833       6.02565e-05       0
33.6833       5.08233e-05       0
34.3833       4.604e-05       0
35.0833       4.37513e-05       0
35.7833       4.31106e-05       0
36.4833       4.39471e-05       0
37.1833       4.66457e-05       0
37.8833       5.24203e-05       0
38.5833       6.36989e-05       0
39.2833       8.0321e-05       0
39.9833       9.2305e-05       0
40.6833       9.96975e-05       0
41.3833       9.27045e-05       0
42.0833       8.67607e-05       0
42.7833       8.92737e-05       0
43.4833       9.39214e-05       0
44.1833       0.000103652       0
44.8833       0.000111676       0
45.5833       0.000132045       0
46.2833       0.000184392       0
46.9833       0.000280587       0
47.6833       0.000388282       0
48.3833       0.000414622       0
49.0833       0.000326174       0
49.7833       0.00022888       0
50.4833       0.000180965       0
51.1833       0.000175032       0
51.8833       0.000184144       0
52.5833       0.000171832       0
53.2833       0.00013465       0
53.9833       0.000108435       0
54.6833       9.94527e-05       0
55.3833       8.66623e-05       0
56.0833       7.54773e-05       0
56.7833       7.12995e-05       0
57.4833       7.4002e-05       0
58.1833       7.56357e-05       0
58.8833       6.53052e-05       0
59.5833       5.88504e-05       0
60.2833       6.22724e-05       0
60.9833       7.84587e-05       0
61.6833       0.000111263       0
62.3833       0.000130579       0
63.0833       9.85849e-05       0
63.7833       6.61127e-05       0
64.4833       4.8803e-05       0
65.1833       4.01502e-05       0
65.8833       3.60407e-05       0
66.5833       3.46499e-05       0
67.2833       3.36455e-05       0
67.9833       3.19529e-05       0
68.6833       3.15452e-05       0
69.3833       3.3049e-05       0
70.0833       3.71926e-05       0
70.7833       4.60014e-05       0
71.4833       6.13745e-05       0
72.1833       7.0917e-05       0
72.8833       6.35482e-05       0
73.5833       6.15656e-05       0
74.2833       7.41865e-05       0
74.9833       0.000101387       0
75.6833       0.000119547       0
76.3833       0.000105266       0
77.0833       7.78264e-05       0
77.7833       6.42178e-05       0
78.4833       6.52146e-05       0
79.1833       7.88357e-05       0
79.8833       0.000101875       0
80.5833       0.000111225       0
81.2833       0.000109245       0
81.9833       0.000100608       0
82.6833       9.09554e-05       0
83.3833       9.78463e-05       0
84.0833       9.26189e-05       0
84.7833       6.86222e-05       0
85.4833       5.42296e-05       0
86.1833       5.21578e-05       0
86.8833       6.18153e-05       0
87.5833       7.79709e-05       0
88.2833       7.14197e-05       0
88.9833       5.00432e-05       0
89.6833       3.64297e-05       0
90.3833       2.958e-05       0
91.0833       2.64073e-05       0
91.7833       2.56931e-05       0
92.4833       2.76128e-05       0
93.1833       3.30881e-05       0
93.8833       3.79727e-05       0
94.5833       3.24194e-05       0
95.2833       2.50269e-05       0
95.9833       2.08317e-05       0
96.6833       1.86277e-05       0
97.3833       1.74165e-05       0
98.0833       1.67516e-05       0
98.7833       1.64436e-05       0
99.4833       1.64325e-05       0
100.183       1.67491e-05       0
100.883       1.74869e-05       0
101.583       1.87544e-05       0
102.283       2.09133e-05       0
102.983       2.28499e-05       0
103.683       2.27064e-05       0
104.383       2.29605e-05       0
105.083       2.4695e-05       0
105.783       2.84198e-05       0
106.483       3.43715e-05       0
107.183       4.27347e-05       0
107.883       5.85794e-05       0
108.583       8.84515e-05       0
109.283       0.000122375       0
109.983       0.000129119       0
110.683       0.000101057       0
111.383       7.56237e-05       0
112.083       6.12311e-05       0
112.783       5.23603e-05       0
113.483       5.0728e-05       0
114.183       5.6534e-05       0
114.883       6.73151e-05       0
115.583       8.14154e-05       0
116.283       7.98574e-05       0
116.983       7.45797e-05       0
117.683       8.66267e-05       0
118.383       9.31648e-05       0
119.083       6.85633e-05       0
119.783       4.49383e-05       0
120.483       3.19012e-05       0
121.183       2.49612e-05       0
121.883       2.10839e-05       0
122.583       1.88915e-05       0
123.283       1.78212e-05       0
123.983       1.77652e-05       0
124.683       1.90655e-05       0
125.383       2.26882e-05       0
126.083       2.88169e-05       0
126.783       2.96117e-05       0
127.483       2.29133e-05       0
128.183       1.78783e-05       0
128.883       1.53043e-05       0
129.583       1.40367e-05       0
130.283       1.3474e-05       0
130.983       1.33857e-05       0
131.683       1.37371e-05       0
132.383       1.46537e-05       0
133.083       1.65024e-05       0
133.783       2.01153e-05       0
134.483       2.69121e-05       0
135.183       3.73911e-05       0
135.883       4.16824e-05       0
136.583       3.26371e-05       0
137.283       2.56043e-05       0
137.983       2.4039e-05       0
138.683       2.69963e-05       0
139.383       3.1916e-05       0
140.083       3.41701e-05       0
140.783       3.2976e-05       0
141.483       3.28148e-05       0
142.183       3.60144e-05       0
142.883       3.6831e-05       0
143.583       4.03087e-05       0
144.283       5.19127e-05       0
144.983       5.61921e-05       0
145.683       4.2912e-05       0
146.383       3.33951e-05       0
147.083       3.23166e-05       0
147.783       3.9341e-05       0
148.483       5.18389e-05       0
149.183       5.15783e-05       0
149.883       4.19877e-05       0
150.583       3.31079e-05       0
151.283       2.36599e-05       0
151.983       1.76577e-05       0
152.683       1.43463e-05       0
153.383       1.24209e-05       0
154.083       1.12193e-05       0
154.783       1.04288e-05       0
155.483       9.8931e-06       0
156.183       9.52957e-06       0
156.883       9.29298e-06       0
157.583       9.15947e-06       0
158.283       9.11918e-06       0
158.983       9.17348e-06       0
159.683       9.33535e-06       0
160.383       9.63305e-06       0
161.083       1.0119e-05       0
161.783       1.08888e-05       0
162.483       1.21236e-05       0
163.183       1.41876e-05       0
163.883       1.78624e-05       0
164.583       2.47973e-05       0
165.283       3.68114e-05       0
165.983       4.74941e-05       0
166.683       4.89358e-05       0
167.383       4.38017e-05       0
168.083       4.14784e-05       0
168.783       4.42396e-05       0
169.483       3.74667e-05       0
170.183       2.90037e-05       0
170.883       2.69595e-05       0
171.583       2.75184e-05       0
172.283       2.64499e-05       0
172.983       2.7444e-05       0
173.683       2.53603e-05       0
174.383       2.00018e-05       0
175.083       1.75771e-05       0
175.783       1.82285e-05       0
176.483       1.74589e-05       0
177.183       1.36499e-05       0
177.883       1.08173e-05       0
178.583       9.25824e-06       0
179.283       8.37399e-06       0
179.983       7.82783e-06       0
180.683       7.47697e-06       0
181.383       7.26789e-06       0
182.083       7.18034e-06       0
182.783       7.23158e-06       0
183.483       7.49289e-06       0
184.183       8.03994e-06       0
184.883       8.43688e-06       0
185.583       8.27485e-06       0
186.283       8.44433e-06       0
186.983       9.35427e-06       0
187.683       1.03948e-05       0
188.383       9.90363e-06       0
189.083       9.16054e-06       0
189.783       9.1784e-06       0
190.483       9.9798e-06       0
191.183       1.18339e-05       0
191.883       1.56293e-05       0
192.583       2.28989e-05       0
193.283       3.07861e-05       0
193.983       2.72199e-05       0
194.683       1.97439e-05       0
195.383       1.63998e-05       0
196.083       1.68093e-05       0
196.783       2.05098e-05       0
197.483       2.41114e-05       0
198.183       2.45729e-05       0
198.883       2.8175e-05       0
199.583       2.93537e-05       0
200.283       2.18499e-05       0
200.983       1.58167e-05       0
201.683       1.33991e-05       0
202.383       1.35685e-05       0
203.083       1.447e-05       0
203.783       1.30453e-05       0
204.483       1.18426e-05       0
205.183       1.2196e-05       0
205.883       1.1345e-05       0
206.583       9.09323e-06       0
207.283       7.61451e-06       0
207.983       6.89676e-06       0
208.683       6.63762e-06       0
209.383       6.6631e-06       0
210.083       7.02222e-06       0
210.783       7.84108e-06       0
211.483       8.09133e-06       0
212.183       7.37692e-06       0
212.883       6.93103e-06       0
213.583       6.70434e-06       0
214.283       6.88383e-06       0
214.983       7.67503e-06       0
215.683       8.73364e-06       0
216.383       1.01725e-05       0
217.083       1.2766e-05       0
217.783       1.28527e-05       0
218.483       9.62951e-06       0
219.183       7.26836e-06       0
219.883       6.02773e-06       0
220.583       5.35389e-06       0
221.283       4.95388e-06       0
221.983       4.69584e-06       0
222.683       4.51751e-06       0
223.383       4.38727e-06       0
224.083       4.28786e-06       0
224.783       4.2093e-06       0
225.483       4.14553e-06       0
226.183       4.09272e-06       0
226.883       4.0484e-06       0
227.583       4.01096e-06       0
228.283       3.97937e-06       0
228.983       3.95304e-06       0
229.683       3.93168e-06       0
230.383       3.91537e-06       0
231.083       3.90447e-06       0
231.783       3.89976e-06       0
232.483       3.90255e-06       0
233.183       3.91495e-06       0
233.883       3.94035e-06       0
234.583       3.98424e-06       0
235.283       4.05602e-06       0
235.983       4.17247e-06       0
236.683       4.36567e-06       0
237.383       4.70175e-06       0
238.083       5.32586e-06       0
238.783       6.54127e-06       0
239.483       8.55336e-06       0
240.183       9.42073e-06       0
240.883       7.83668e-06       0
241.583       6.67759e-06       0
242.283       6.62638e-06       0
242.983       7.72108e-06       0
243.683       9.99098e-06       0
244.383       1.07193e-05       0
245.083       8.2252e-06       0
245.783       6.12821e-06       0
246.483       5.01427e-06       0
247.183       4.41731e-06       0
247.883       4.06862e-06       0
248.583       3.84696e-06       0
249.283       3.69565e-06       0
249.983       3.58613e-06       0
250.683       3.50296e-06       0
251.383       3.43722e-06       0
252.083       3.3835e-06       0
252.783       3.33833e-06       0
253.483       3.29945e-06       0
254.183       3.2653e-06       0
