#
#
#   poles of the spectral functions (both aprticle and hole)
#
#   k = 1.80067 fm^-1 (group = 5)     and E_F = -50.9208 MeV
#
#
#    E               A(k,E)

-261.96       6.45853e-18
-260.98       0.00025379
-260.864       1.11141e-19
-260.001       1.99925e-17
-258.233       4.69342e-17
-257.604       0.0019089
-256.704       6.96456e-17
-255.416       0.000204106
-254.049       0.000320184
-234.216       1.17986e-18
-232.802       0.000476287
-232.433       1.57102e-17
-231.326       1.10957e-17
-230.206       1.00274e-16
-229.771       0.00286537
-228.253       0.000364015
-228.203       3.75762e-16
-227.315       4.06981e-17
-226.968       4.67876e-18
-226.501       0.00068168
-226.176       3.89098e-17
-226.019       0.000992436
-225.712       0.00101264
-225.649       7.04731e-17
-225.611       4.36717e-16
-225.331       9.88792e-17
-225.259       0.000768073
-225.239       4.29344e-16
-225.091       3.68629e-17
-224.91       2.00577e-18
-224.646       1.04083e-17
-224.491       0.000373139
-224.307       1.76074e-16
-224.267       0.000873395
-223.88       7.54605e-17
-223.671       0.00184649
-223.596       1.50921e-16
-223.183       7.11237e-17
-222.781       1.043e-16
-222.14       8.30499e-17
-221.885       0.00120716
-221.551       4.7358e-16
-221.463       0.00350861
-220.655       0.00253351
-220.368       0.00293176
-220.233       0.000927486
-219.35       0.00257136
-218.788       0.000738911
-218.189       0.00195223
-217.987       0.00277776
-217.568       0.00161053
-216.774       0.000349268
-216.699       0.00196799
-216.424       0.000729124
-216.357       0.00147966
-216.162       0.000318599
-216.133       0.00142361
-215.947       0.000746656
-215.788       0.000722784
-215.491       0.00134365
-215.365       0.000587987
-215.006       0.000237218
-214.673       0.000101196
-214.477       0.000523272
-214.444       0.00104835
-213.593       0.000881077
-212.775       0.00191474
-212.517       0.000421436
-212.205       0.00298691
-212.122       0.00152065
-211.529       0.00203076
-211.399       0.00115544
-210.647       0.000981558
-210.483       0.000899667
-210.365       0.000576081
-209.98       0.0018348
-209.524       0.00251601
-209.162       0.00394697
-209.147       0.00500125
-208.615       0.00105749
-208.288       0.00357325
-207.204       0.000938466
-206.567       0.00250431
-204.996       0.000361547
-203.92       6.74182e-05
-203.739       3.55076e-17
-202.798       0.00129545
-202.407       0.000726352
-201.574       1.92851e-05
-200.957       1.16226e-16
-198.74       1.42464e-16
-198.396       1.66533e-16
-197.968       0.00299384
-197.346       1.21864e-16
-195.75       5.83301e-17
-195.358       3.03577e-17
-194.921       0.000875899
-192.961       0.000196268
-188.921       6.68282e-13
-188.91       0.00246119
-188.201       0.000670895
-187.952       0.00219046
-187.482       0.00270206
-187.257       0.000458017
-186.569       0.00197276
-184.784       0.00135243
-184.463       0.00572644
-184.236       0.00781884
-183.151       0.00259269
-182.777       0.000444436
-182.498       0.00192238
-182.13       0.00374444
-181.445       0.00447787
-181.355       0.00296069
-180.992       0.00585
-180.657       0.00882085
-180.279       0.00138332
-179.818       0.00435534
-179.241       0.00100252
-178.443       0.00528704
-178.12       0.00982252
-177.478       0.00148668
-176.918       0.00293663
-176.674       0.00293449
-176.354       0.00385613
-175.75       0.00348299
-175.235       0.00118301
-174.496       0.00281864
-174.057       0.00381261
-173.823       0.00121859
-173.29       0.00163232
-172.655       0.000725498
-172.232       0.00167684
-171.645       0.00208606
-171.102       0.00310432
-170.449       0.00388557
-168.695       1.89137e-08
-167.785       0.0029522
-167.184       0.00620124
-165.545       3.69726e-05
-164.462       0.00118812
-163.914       0.00345132
-163.452       0.0016283
-163.205       0.00163821
-162.821       0.00315351
-162.512       0.003293
-161.886       0.00312223
-161.448       0.00336254
-160.684       0.00455087
-160.263       0.00427199
-159.491       0.00198907
-158.973       0.00276902
-158.54       0.00439019
-158.068       0.0046021
-157.486       0.00517791
-157.072       0.00609902
-156.474       0.00620656
-156.135       0.0059807
-155.706       0.00211406
-155.019       0.00362223
-154.764       0.00220736
-153.85       0.00493586
-153.281       0.00869749
-153.061       0.00622842
-152.796       0.00280378
-152.146       0.00111628
-151.968       0.00371069
-151.63       0.00394528
-150.976       0.00233078
-150.206       0.00530042
-149.977       0.00382527
-149.94       0.000163666
-149.59       0.00499482
-148.842       0.00117647
-148.754       0.00456779
-148.366       0.00247956
-148.174       0.000718766
-147.29       0.000557665
-146.096       0.00117387
-144.521       0.0072802
-143.542       0.00197148
-140.654       0.0134417
-138.149       0.0053408
-132.06       3.49343e-16
-131.076       2.00252e-16
-130.293       0.00939642
-129.913       2.08709e-17
-129.469       0.00293283
-128.836       0.00332444
-127.808       0.00243148
-125.457       0.0119586
-124.612       0.00406575
-124.384       0.00579326
-124.059       0.00705792
-123.894       0.00469009
-123.374       0.00904011
-122.601       0.0099247
-122.163       0.0033868
-122.002       0.0192222
-121.099       0.0135358
-120.892       0.00365383
-120.748       0.00602725
-120.545       0.00374608
-120.288       0.00366995
-120.01       0.006772
-119.64       0.00859489
-119.406       0.00752894
-119.045       0.00454732
-118.861       0.0084718
-118.514       0.00295665
-118.333       0.00865021
-118.039       0.00512075
-117.419       0.00364416
-117.153       0.00504211
-116.846       0.0116391
-116.622       0.00595945
-116.408       0.0009131
-116.13       0.00246468
-115.706       0.0107681
-115.488       0.000267266
-115.121       0.00260965
-114.898       0.00420807
-114.858       0.00731902
-114.585       0.00547375
-114.309       0.00459141
-114.026       0.00166503
-113.8       0.000906141
-113.674       0.00353846
-113.292       0.00435345
-113.177       0.00108772
-112.582       3.72159e-11
-112.35       0.00643057
-111.952       0.00558553
-111.657       0.00167777
-111.017       0.00447156
-110.2       0.00200347
-109.994       0.00664987
-109.688       0.00743098
-109.426       3.56703e-16
-109.145       0.00802806
-108.193       0.00756582
-106.067       2.01671e-16
-104.8       0.00319781
-103.806       0.0287351
-100.908       0.0190252
-99.532       8.24209e-16
-99.3611       0.026317
-88.7111       6.70313e-17
-87.2059       0.00152507
-86.9253       1.19073e-16
-85.5592       4.2884e-17
-85.2403       1.52082e-16
-85.019       4.33003e-17
-84.9334       1.0079e-15
-84.4927       0.00398042
-84.4135       7.33449e-16
-84.3597       6.42451e-16
-84.3073       1.99493e-16
-84.1891       0.00218155
-84.1835       2.40693e-16
-84.1668       3.38163e-16
-84.0169       2.30935e-17
-83.9033       6.03846e-16
-83.8511       5.65954e-17
-83.7206       0.00695934
-83.7132       2.64017e-16
-83.7047       4.79651e-16
-83.5992       2.78504e-16
-83.5386       3.61744e-16
-83.4243       9.54098e-18
-83.4138       7.23163e-17
-83.3616       3.12809e-18
-83.0355       6.38082e-17
-82.915       9.78892e-17
-82.7082       1.02169e-16
-82.6023       6.28323e-17
-82.5984       3.12262e-16
-81.8349       0.0129016
-81.6558       6.8522e-16
-81.4019       5.00208e-16
-80.8429       2.18646e-16
-80.8193       4.32435e-16
-80.5701       0.0232056
-80.432       5.49965e-18
-80.0381       0.0141186
-79.925       1.31743e-15
-79.5214       2.16604e-16
-79.492       2.89686e-16
-78.4803       1.43142e-17
-78.2176       2.70507e-16
-78.0912       5.40316e-16
-77.8319       0.00728745
-77.768       4.95562e-16
-77.4681       0.0133656
-77.2758       1.84087e-16
-76.519       0.0118084
-76.0431       3.10821e-16
-75.4293       0.00681965
-75.2935       4.78243e-16
-61.53       0.0990934


-26.7317       0.355619
-22.2833       0.312088
-22.0154       5.47844e-15
-11.5732       0.671491
-10.1794       0.0169959
-9.89674       1.30286e-15
-9.5495       0.0290484
-9.13019       1.52079e-15
-8.8211       5.01915e-18
-8.69161       0.00195679
-8.65541       1.50438e-17
-8.49284       0.0797001
-7.99563       0.143506
-7.90662       9.12063e-18
-7.75464       2.34454e-18
-7.51106       1.76063e-18
-7.29635       1.77079e-17
-7.24324       5.61457e-18
-6.33028       6.9176e-18
-6.31883       0.0789186
-6.16846       0.158314
-5.58386       1.56642e-17
-5.36871       0.0447148
-5.12577       0.0710036
-5.04611       1.21271e-17
-4.72715       0.155363
-4.24481       1.60022e-17
-4.16072       0.0852383
-3.75485       0.0843585
-3.50309       1.50664e-17
-2.51807       0.0400777
-2.45951       0.0137941
-2.16932       0.0417028
-2.07626       0.0381427
-1.8446       0.00173304
-1.49392       2.80419e-18
-0.583231       1.12704e-17
-0.29828       0.048801
0.293925       7.12123e-18
0.749679       1.04536e-17
0.936399       0.00869613
1.59083       5.14337e-18
1.99912       0.00467339
2.6333       1.18717e-17
2.8024       5.19444e-17
3.37977       1.16855e-17
4.43078       5.82808e-19
4.76307       6.88456e-18
8.51716       1.05415e-15
10.0558       0.225301
13.7283       0.0059442
13.9056       1.71457e-18
14.4868       0.0638352
15.7065       0.230475
15.9518       0.0608713
19.0325       1.05723e-14
20.9065       0.0208472
22.0577       0.0102145
23.0058       0.0253688
23.2476       0.0274771
23.4433       0.0123601
23.8485       0.0301686
23.9916       0.026942
24.305       0.0323751
24.6879       0.00987721
25.2278       0.0140351
25.7271       0.0285485
26.3592       0.0602173
26.6222       0.0130721
27.4555       0.0237473
27.9276       0.0281998
28.3568       0.0491147
28.8231       0.0257214
29.6252       0.0344128
30.1468       0.0235018
30.8184       0.0304053
31.3242       0.0302084
32.3329       0.0343391
32.7367       0.0487749
33.2243       0.0377712
33.855       0.0287348
34.2946       0.0365295
35.2274       0.0184818
36.2301       0.0442647
36.3971       0.0276733
36.6948       0.0295644
37.7252       0.0337215
37.823       0.0099799
39.171       0.0312142
39.6738       0.119574
41.4503       0.052766
44.0929       0.0357914
46.2018       0.029283
47.9783       0.0302027
48.3824       0.0449206
50.9963       0.0114725
51.1951       0.0329444
53.6055       0.025629
54.1775       0.00691612
54.8468       0.0120172
55.459       0.0185733
56.1331       0.024217
56.831       0.0230849
57.861       0.0214817
58.7996       0.0120065
59.5322       0.0195699
60.6311       0.0305088
61.3931       0.0210464
62.4063       0.0188308
63.2202       0.0229107
64.1769       0.0220302
65.3226       0.0207183
66.3366       0.0167889
67.5886       0.0324125
68.1581       0.0620579
68.8912       0.0289351
70.3059       0.011733
71.4152       0.0314997
72.1899       0.0424713
72.9277       0.0292111
74.2902       0.0170241
75.5081       0.0518704
75.913       0.0232869
76.79       0.0272745
77.6449       0.0154633
78.9139       0.0166028
80.3142       0.00913121
82.5456       0.00437141
83.4879       0.00495432
84.4619       0.00387343
86.2935       0.00744448
86.8301       0.0181
88.0686       0.00823611
88.9602       0.013834
90.2249       0.0146671
91.4338       0.0156213
92.2519       0.016602
93.4151       0.0189144
94.4717       0.0114763
95.8469       0.0163158
96.7071       0.0191465
97.7858       0.0138712
98.7991       0.011921
99.7977       0.0135538
100.936       0.00874855
102.29       0.00715182
102.855       0.0205187
104.102       0.00505935
105.582       0.0173066
106.611       0.00559129
107.764       0.0193372
108.837       0.0092652
109.308       0.00367143
112.381       0.0128138
112.687       0.00312712
114.262       0.00105545
115.563       0.00675278
116.776       0.00552787
117.794       0.00806794
118.827       0.00960643
119.901       0.01016
120.749       0.00878785
121.974       0.0089052
123.143       0.0121936
123.985       0.0149269
124.988       0.0094877
126.274       0.0138098
127.347       0.0137243
128.321       0.010229
129.446       0.0145113
130.316       0.0119764
131.454       0.0163448
132.276       0.0126186
133.319       0.0166041
134.085       0.0127181
135.105       0.00491778
136.675       0.0055782
137.034       0.00634416
138.049       0.00623127
138.315       0.00932335
138.962       0.000251
140.484       0.00391541
141.756       0.00321084
142.237       3.54906e-06
150.964       0.00206248
151.158       0.00267228
151.61       0.00546652
152.271       0.00603311
153.026       0.00702326
153.592       0.00467525
154.469       0.00520545
155.614       0.00395525
156.212       0.00564372
156.977       0.00803727
157.851       0.00452414
158.593       0.00387236
159.643       0.00484365
160.59       0.00369218
161.643       0.00713133
162.452       0.006243
163.201       0.00302065
163.809       0.00288644
164.951       0.000687934
165.709       0.00290261
166.597       0.00132029
167.137       0.000881606
168.362       0.00109795
168.444       0.00462075
170.57       0.00231416
170.636       0.00341459
172.344       0.000276516
174.748       0.000674739
178.043       0.00292518
179.062       0.00216221
179.409       0.00491373
179.896       0.00226623
180.39       0.0043077
181.039       0.00550868
181.556       0.00342596
182.266       0.00185537
183.078       0.00299178
183.71       0.00625649
184.329       0.0033463
185.261       0.00468773
185.639       0.00271703
186.609       0.00550229
187.009       0.00484257
187.788       0.0032544
188.41       0.00359083
188.875       0.00251259
189.581       0.00172751
190.182       0.00112643
191.02       0.0060471
191.265       0.00419206
191.898       0.00466456
192.179       0.00111865
192.837       0.00272158
193.368       0.000751839
193.772       0.00162873
194.213       0.00126356
194.477       0.000782704
194.7       0.000585314
195.25       0.00193578
196.32       0.00317361
197.839       0.0024787
198.192       0.0021035
198.38       0.00165534
199.072       0.000157509
201.147       0.00349703
201.498       0.000121882
203.068       0.000522557
203.455       3.45581e-05
203.95       6.54011e-18
204.588       2.61754e-18
204.816       2.50047e-18
215.748       0.00383092
215.882       0.000901455
216.013       1.307e-18
216.772       0.000524954
216.783       0.000651835
217.032       0.000329475
217.108       0.000597853
217.902       0.00184907
218.095       2.83727e-17
218.772       1.48981e-17
218.862       0.000854788
219.529       1.32396e-17
219.966       4.23298e-17
220.138       0.000366581
220.467       0.00156476
220.6       0.00187245
221.071       1.58895e-17
221.28       2.50081e-17
221.809       6.82323e-18
222.323       2.71825e-18
222.525       0.00025961
222.715       0.000359766
222.741       0.000454947
222.956       1.0872e-17
223.106       8.00024e-18
223.636       1.61238e-17
223.653       3.18535e-18
224.274       4.58317e-18
226.022       0.00306121
226.247       7.81033e-17
226.272       4.72368e-17
226.275       1.16759e-05
228.363       1.9869e-17
229.202       0.0017229
229.244       1.08601e-16
229.648       1.27329e-17
229.762       3.31718e-18
229.933       3.93404e-17
230.771       1.70133e-17
230.771       3.83265e-18
231.524       4.92522e-18
231.524       4.099e-18
231.566       3.58375e-18
231.566       1.79466e-05
232.385       4.60398e-18
232.388       6.802e-18
