#
#
#   poles of the spectral functions (both aprticle and hole)
#
#   k = 1.39479 fm^-1 (group = 10)     and E_F = -50.9208 MeV
#
#
#    E               A(k,E)

-231.065       1.81576e-16
-229.464       0.00349205
-227.649       2.54392e-17
-226.752       3.84316e-17
-226.226       8.19969e-17
-226.226       1.33066e-16
-226.124       6.49103e-16
-226.093       0.00189312
-225.198       5.57291e-17
-225.198       4.15656e-17
-224.953       2.53239e-17
-224.953       3.35018e-17
-224.735       1.43215e-19
-224.664       2.60322e-17
-224.595       5.38103e-17
-224.567       6.77626e-19
-224.416       2.5452e-17
-224.332       3.52366e-19
-223.91       4.99331e-17
-223.712       2.91784e-17
-223.581       4.61363e-17
-223.315       4.00727e-17
-222.45       4.00479e-16
-222.353       0.00519815
-222.271       2.63892e-16
-222.23       1.03266e-16
-222.229       1.47888e-16
-222.193       3.34899e-17
-222.013       3.45908e-17
-221.568       7.28446e-17
-220.603       0.0088773
-220.2       1.52607e-16
-218.938       2.51091e-17
-218.851       1.31314e-17
-218.544       2.69361e-17
-218.107       2.06591e-16
-218.021       0.0021657
-217.944       3.79471e-18
-217.824       7.90925e-17
-217.694       8.03665e-18
-216.882       5.1608e-17
-216.815       1.04951e-16
-216.701       4.39319e-16
-216.573       2.09078e-15
-216.433       0.00326888
-216.254       1.86754e-16
-215.997       2.09143e-16
-215.834       1.73689e-16
-215.644       6.33174e-17
-215.349       2.05185e-17
-215.262       1.27428e-16
-214.09       7.7824e-16
-214.087       1.35693e-15
-213.704       0.00784363
-212.91       1.92473e-16
-212.766       6.93889e-18
-212.712       0.00942864
-212.627       1.3344e-15
-212.129       1.82146e-17
-211.86       5.29362e-17
-211.586       6.67869e-17
-211.46       2.2443e-17
-211.381       3.71068e-17
-210.814       1.95156e-17
-210.803       1.21431e-17
-210.344       3.85996e-16
-210.185       0.000624627
-208.728       1.24912e-16
-208.642       1.51634e-16
-208.281       2.07274e-16
-208.242       0.00177489
-205.45       3.95855e-17
-203.807       0.00207487
-203.425       1.5204e-16
-201.607       1.26262e-16
-201.442       3.65685e-17
-201.086       4.83283e-17
-201.026       9.46644e-17
-200.921       4.10015e-17
-200.659       2.03614e-17
-199.91       0.00563978
-198.637       7.44921e-17
-198.254       7.57616e-17
-197.709       1.06448e-16
-197.083       4.01931e-16
-196.918       4.39024e-17
-196.769       0.00116464
-194.263       1.0455e-16
-190.299       1.49945e-16
-189.976       8.58185e-14
-189.968       0.00358768
-189.753       1.92554e-16
-189.154       5.0307e-17
-188.952       0.00374871
-188.798       1.9082e-16
-188.268       1.26174e-16
-187.86       0.00147133
-187.543       0.00499748
-187.448       5.10009e-16
-186.972       2.77556e-17
-186.244       4.46691e-17
-184.245       2.0383e-17
-183.991       9.80119e-17
-183.939       0.0102614
-182.883       3.29597e-17
-182.666       0.00881173
-181.917       0.00964257
-181.661       3.88578e-16
-181.259       0.00946306
-180.496       0.0198914
-180.403       1.12757e-15
-179.647       2.86229e-16
-178.562       3.55618e-17
-178.028       0.0179477
-177.756       4.16334e-16
-177.296       0.000520754
-176.869       0.00328957
-176.035       1.56125e-17
-175.435       0.00280975
-174.187       0.00599819
-173.76       0.00124962
-173.29       0.00132889
-172.507       0.00521859
-172.25       0.006118
-171.955       9.58435e-17
-171.443       3.55618e-17
-169.867       1.97108e-16
-168.778       9.19403e-17
-168.553       0.00479134
-167.231       1.07856e-15
-167.18       0.0114674
-166.455       0.00137347
-165.5       1.0365e-16
-164.565       7.34005e-17
-164.332       0.00391883
-163.641       1.86483e-17
-162.667       1.73472e-17
-161.963       1.38778e-17
-161.175       4.18068e-16
-160.869       0.000656486
-160.579       0.0302862
-159.503       2.29851e-16
-158.266       0.00819458
-157.723       2.85622e-15
-157.519       0.00918128
-157.369       0.000147344
-156.889       0.00011163
-156.017       0.00993002
-155.764       0.0144302
-154.914       2.06432e-16
-154.075       2.08167e-16
-153.151       0.00473422
-152.786       6.20164e-17
-151.922       0.00327164
-151.77       3.55618e-16
-150.83       0.0154248
-150.736       1.30451e-15
-150.106       0.00359091
-149.615       0.00925731
-149.46       7.1991e-16
-148.67       4.63133e-15
-148.627       0.0112072
-147.389       2.06486e-16
-147.178       7.34005e-17
-145.967       5.09279e-17
-144.808       6.0992e-17
-144.452       0.0100754
-143.641       0.0149703
-143.554       1.15568e-16
-143.471       6.50521e-19
-140.776       1.06966e-15
-140.293       0.0337189
-132.284       1.91314e-16
-131.754       3.52857e-16
-130.23       0.0317964
-130.123       1.65451e-15
-128.643       5.29877e-16
-128.42       7.42678e-17
-127.936       1.9231e-16
-127.674       0.000934998
-127.229       1.20374e-16
-126.757       1.22081e-16
-126.531       9.17235e-17
-125.763       7.40293e-16
-125.637       0.0200736
-125.136       0.0349611
-124.891       1.11077e-15
-124.211       1.11445e-15
-124.037       0.0298034
-123.269       2.44379e-16
-122.382       7.70087e-15
-122.336       0.0253415
-121.956       0.0539086
-121.284       0.0192109
-121.019       0.0190698
-120.446       0.00559736
-120.248       0.00447774
-119.659       0.0137096
-119.351       0.0111742
-119.271       0.0120564
-117.997       0.0166682
-117.982       8.83061e-15
-117.185       0.0393333
-116.837       2.13371e-16
-116.126       1.9842e-15
-116.047       0.0181983
-115.614       0.0183931
-115.281       3.90313e-16
-114.766       0.0152621
-114.386       2.4503e-16
-113.799       0.0141074
-113.682       1.18785e-15
-113.172       0.00642369
-112.983       1.63606e-16
-112.717       1.91253e-16
-112.53       0.0235419
-112.025       7.63278e-17
-111.843       1.65503e-16
-111.39       7.87947e-15
-111.282       1.01367e-14
-111.043       0.0282742
-110.63       7.52921e-16
-109.797       0.042296
-109.363       1.5425e-15
-109.345       4.46206e-16
-109.207       5.23272e-16
-105.048       5.67282e-16
-105.048       7.34561e-16
-104.548       0.0808449
-100.994       7.01894e-16
-100.994       8.26551e-17
-100.695       0.042233
-87.9122       1.94477e-16
-87.5134       1.94996e-16
-87.1048       3.46459e-16
-86.6652       0.0104627
-86.6163       2.2762e-15
-86.2422       4.4425e-16
-86.099       2.46709e-16
-85.6677       1.25144e-16
-85.6647       9.63856e-17
-85.459       5.55157e-16
-85.2572       5.05448e-16
-85.2094       4.96937e-16
-84.9314       6.60442e-16
-84.6124       8.97719e-17
-84.4481       3.32145e-16
-84.3562       1.7949e-16
-84.2474       2.90566e-17
-84.043       1.91687e-16
-83.9295       0.0303399
-83.8909       1.21778e-15
-83.7358       1.10356e-15
-83.6311       2.292e-16
-83.5893       0.0442852
-83.4589       1.03522e-15
-83.086       1.65232e-16
-82.9187       3.10732e-16
-82.8602       3.20273e-16
-82.6468       4.01968e-16
-82.4692       3.38813e-18
-82.4296       3.35032e-16
-82.2582       4.00342e-17
-82.2472       0.00717066
-81.9994       3.3529e-17
-81.929       6.94047e-16
-81.6425       1.04253e-17
-81.6196       1.1176e-15
-81.2073       5.47725e-15
-81.0355       0.115144
-80.6751       4.90033e-15
-80.461       6.26158e-16
-79.9285       1.09224e-15
-79.7402       6.38541e-16
-79.6881       0.0162291
-79.4396       3.33453e-18
-79.3259       1.32132e-16
-78.9128       6.0924e-16
-78.4614       0.0430758
-78.4101       0.00290425
-78.1125       0.0273467
-78.077       5.71489e-15
-78.023       1.67366e-15
-77.8598       1.25569e-15
-77.859       3.11996e-15
-77.4499       7.96889e-17
-77.4499       4.4492e-16
-77.4126       7.33463e-17
-77.4126       1.83014e-15
-76.616       3.96475e-16
-76.616       6.28078e-16
-76.3073       7.39144e-17
-75.6031       0.057569
-74.6967       7.62717e-16
-74.6967       4.26496e-16
-71.0079       1.10223e-16
-69.6211       0.0345913
-65.5874       0.365125
-62.2879       9.15583e-17
-62.2879       4.93123e-16


-40.8727       0.86582
8.2611       2.31975e-16
8.2611       5.87867e-18
9.21608       0.116363
11.7288       2.06061e-16
11.7288       3.16064e-17
12.1307       0.00870629
12.6263       0.00340352
12.9988       4.42436e-16
12.9988       2.13372e-17
14.0379       2.1421e-17
14.0379       1.70046e-16
14.0758       6.01772e-16
14.7922       1.82836e-17
14.7922       3.52707e-16
15.9286       0.143739
21.3006       2.77513e-16
21.5401       0.0196044
22.5692       0.00342193
22.6699       4.63489e-17
22.9443       1.31542e-17
23.0229       0.00463484
23.1641       4.89175e-16
23.5255       0.0130954
23.874       0.0280247
24.0493       0.0267375
24.7774       0.0149221
25.1526       0.0158882
25.173       0.0165879
25.9202       0.0315524
26.2599       0.00112928
26.3472       0.00977086
26.6775       0.00155354
27.0733       0.0604753
27.6151       0.000785077
27.7675       0.0152969
28.0168       0.000981921
28.4286       0.00855826
28.6278       0.00597357
29.0138       0.00945503
29.2791       0.00622031
29.8114       0.00730589
29.9054       0.00802183
30.2099       0.00410245
30.6291       0.00974008
30.7898       0.00983259
30.9527       0.0226147
31.4211       0.0179316
31.5768       0.0226026
31.8518       0.00540554
32.3066       0.0162592
32.5372       0.00423637
32.7621       0.0201472
33.1988       0.00291591
33.4443       0.00844988
33.7332       0.0146956
33.8075       0.0113257
34.0687       0.00978397
34.6163       0.00580762
35.6938       0.0140789
35.8962       0.0108445
36.745       3.15173e-09
36.8555       0.00362417
37.2702       0.0407988
38.1578       0.0227058
38.2427       0.00824809
38.6402       0.00857907
42.2389       0.0366972
43.4111       3.23475e-16
44.9152       0.0189835
45.1988       6.25482e-16
48.1906       1.97276e-16
48.5761       0.0277412
51.1502       0.0196849
55.1577       0.00114223
56.9518       0.0112495
57.5076       0.00464398
57.7958       0.0166013
58.5316       0.00303107
59.164       0.00199703
59.4432       0.00397698
59.7302       0.00328336
60.1313       0.0118615
60.8634       0.00418191
61.3244       0.0240163
61.657       0.00900532
62.1231       0.015017
62.7934       0.00895385
63.3643       0.00638711
64.0549       0.0108106
64.7991       0.00792367
65.3533       0.0161814
65.9751       0.0213987
66.8061       0.0203399
67.2733       0.0204491
67.901       0.0145619
68.6585       0.0185494
68.9693       0.019105
69.9218       0.0136516
70.4241       0.0534234
71.459       0.00958161
72.0722       0.020449
72.7224       0.00161501
73.5141       0.000558325
75.4327       0.0362908
76.6151       0.0107014
76.6243       0.0153776
76.9659       0.0176167
77.5312       0.000194157
78.2355       0.00365373
82.7918       0.0033419
84.1508       0.00377745
84.5598       0.00629442
84.8292       0.00434024
85.3395       0.00435169
87.0885       0.00712051
87.5952       0.0062532
88.6592       0.0121206
89.1512       0.0121823
89.9531       0.00661965
90.8083       0.00806167
91.7911       0.00891579
92.5618       0.0170074
93.1289       0.0148067
93.9493       0.0138443
94.9959       0.0128815
96.0988       0.0111311
96.5092       0.0138202
97.3224       0.00605622
98.256       0.00893633
99.0721       0.00610229
99.631       0.0081339
101.09       0.00288962
101.584       0.00568023
102.578       0.0115683
103.469       0.00707881
104.127       0.000119183
106.047       0.00128121
106.331       0.00865165
107.233       0.0024307
108.152       0.00988583
111.279       0.000625839
112.543       0.0110162
115.802       0.00247589
117.204       0.00444601
117.916       0.00421098
118.628       0.00320102
119.066       0.00543225
119.823       0.00776885
120.726       0.00754575
121.332       0.0102227
122.132       0.00738137
122.925       0.00813275
123.512       0.00846606
124.453       0.0062174
125.385       0.00645116
126.288       0.00496209
127.156       0.00752925
127.85       0.00845855
128.816       0.00618155
129.296       0.00644886
130.401       0.00608926
131.223       0.00421315
131.664       0.00386882
132.618       0.00308869
133.155       0.0185062
133.575       0.00519157
134.175       0.0039969
134.667       0.00420941
135.217       0.0024216
137.093       0.00332738
138.101       0.00661275
146.122       7.56441e-12
149.189       0.0046406
150.505       0.00665572
151.263       0.00147884
151.922       0.00193387
152.114       0.00690808
152.512       0.00489319
153.178       0.00473141
153.728       0.00472247
154.513       0.00273254
155.106       0.00518463
155.674       0.0049875
156.389       0.00458599
157.071       0.00866417
157.871       0.00464302
158.634       0.00492344
159.392       0.00241972
160.022       0.00408793
161.085       0.00465959
161.626       0.00710416
162.508       0.00488304
162.999       0.00063388
163.953       0.000985938
164.784       0.0017209
165.454       0.000368277
166.546       0.00076155
166.996       0.00137366
167.332       0.00167755
168.671       0.00196188
169.495       0.00665857
170.593       0.000428735
171.047       0.00561327
171.721       0.00135979
172.344       0.000272815
172.814       0.00142406
179.25       0.00199618
179.575       0.00204336
179.76       0.00257013
180.022       0.0021526
180.621       0.00333197
181.054       0.00507017
181.182       0.00356074
181.585       0.00148862
182.613       0.000906217
182.932       0.000259796
183.69       0.00533109
184.217       0.0050688
184.623       0.00325638
185.375       0.000428906
185.461       0.00436774
186.39       0.000889004
186.726       0.00392851
186.969       0.0027852
187.464       0.00130981
187.697       0.000547084
187.959       0.002724
189.129       0.0019884
189.264       0.00124183
189.543       0.00151682
190.516       0.00180934
190.772       0.00180631
191.017       8.52715e-10
191.684       0.00735763
192.886       0.00266429
193.353       0.00134264
194.116       0.000543852
194.603       0.00130721
195.278       0.00190482
195.506       0.00101107
196.636       2.90426e-17
196.962       7.64606e-18
197.627       8.56266e-18
215.929       0.00104295
215.946       9.05477e-16
216.906       2.21302e-17
216.928       4.27143e-18
216.951       1.19114e-16
216.96       0.000317104
217.766       2.95887e-17
217.774       2.61075e-18
218.389       2.35879e-17
218.407       2.22241e-17
219.437       1.03153e-16
219.473       0.00372716
220.303       1.83992e-17
220.371       1.08704e-17
221.028       2.7469e-17
221.43       2.82769e-17
221.509       9.76125e-18
221.821       4.1429e-18
222.613       2.4806e-18
222.722       2.38731e-18
222.728       0.00071078
222.775       3.2679e-18
223.633       2.65383e-18
223.638       1.01954e-17
224.802       1.69477e-17
225.303       0.00419941
225.975       4.85118e-17
226.253       0.000158609
226.255       3.27501e-17
226.285       2.51471e-17
226.771       1.73419e-17
227.085       4.01261e-18
227.261       9.89711e-18
227.635       9.89894e-18
228.026       9.81797e-17
228.665       1.03978e-16
228.825       0.00373857
229.891       7.36056e-17
230.158       4.18169e-17
230.196       3.19658e-17
230.226       4.25543e-17
230.575       4.45023e-18
230.768       2.22556e-18
230.772       1.32166e-17
230.825       9.57126e-18
231.021       2.34451e-17
231.124       1.27037e-17
231.51       3.50125e-18
231.515       2.20028e-17
231.532       7.5986e-18
231.566       8.72947e-18
231.567       2.92094e-05
231.567       2.69037e-17
232.354       5.5081e-17
232.355       2.93592e-17
232.417       3.04214e-17
232.418       1.01354e-17
