#
#
#   Lonertzian-smoothed spectral function (both aprticle and hole)
#
#   k = 2.54653 fm^-1      and E_F = -50.9208 MeV
#
#
#    E               A(k,E)           k 

-301.432       2.82053e-06       2.54653
-300.732       2.83145e-06       2.54653
-300.032       2.84244e-06       2.54653
-299.332       2.8535e-06       2.54653
-298.632       2.86463e-06       2.54653
-297.932       2.87584e-06       2.54653
-297.232       2.88712e-06       2.54653
-296.532       2.89848e-06       2.54653
-295.832       2.90992e-06       2.54653
-295.132       2.92145e-06       2.54653
-294.432       2.93306e-06       2.54653
-293.732       2.94476e-06       2.54653
-293.032       2.95656e-06       2.54653
-292.332       2.96846e-06       2.54653
-291.632       2.98048e-06       2.54653
-290.932       2.99261e-06       2.54653
-290.232       3.00488e-06       2.54653
-289.532       3.01731e-06       2.54653
-288.832       3.02992e-06       2.54653
-288.132       3.04276e-06       2.54653
-287.432       3.05588e-06       2.54653
-286.732       3.06937e-06       2.54653
-286.032       3.08341e-06       2.54653
-285.332       3.09826e-06       2.54653
-284.632       3.11448e-06       2.54653
-283.932       3.1332e-06       2.54653
-283.232       3.15663e-06       2.54653
-282.532       3.18594e-06       2.54653
-281.832       3.20985e-06       2.54653
-281.132       3.22888e-06       2.54653
-280.432       3.26602e-06       2.54653
-279.732       3.33656e-06       2.54653
-279.032       3.42139e-06       2.54653
-278.332       3.40769e-06       2.54653
-277.632       3.34252e-06       2.54653
-276.932       3.30784e-06       2.54653
-276.232       3.29677e-06       2.54653
-275.532       3.29714e-06       2.54653
-274.832       3.30314e-06       2.54653
-274.132       3.31212e-06       2.54653
-273.432       3.32283e-06       2.54653
-272.732       3.33462e-06       2.54653
-272.032       3.34714e-06       2.54653
-271.332       3.36018e-06       2.54653
-270.632       3.3736e-06       2.54653
-269.932       3.38734e-06       2.54653
-269.232       3.40133e-06       2.54653
-268.532       3.41555e-06       2.54653
-267.832       3.42996e-06       2.54653
-267.132       3.44455e-06       2.54653
-266.432       3.45931e-06       2.54653
-265.732       3.47424e-06       2.54653
-265.032       3.48932e-06       2.54653
-264.332       3.50456e-06       2.54653
-263.632       3.51996e-06       2.54653
-262.932       3.53551e-06       2.54653
-262.232       3.55121e-06       2.54653
-261.532       3.56708e-06       2.54653
-260.832       3.58311e-06       2.54653
-260.132       3.59932e-06       2.54653
-259.432       3.61569e-06       2.54653
-258.732       3.63226e-06       2.54653
-258.032       3.64901e-06       2.54653
-257.332       3.66597e-06       2.54653
-256.632       3.68315e-06       2.54653
-255.932       3.70056e-06       2.54653
-255.232       3.71823e-06       2.54653
-254.532       3.73617e-06       2.54653
-253.832       3.75443e-06       2.54653
-253.132       3.77303e-06       2.54653
-252.432       3.79203e-06       2.54653
-251.732       3.81151e-06       2.54653
-251.032       3.83154e-06       2.54653
-250.332       3.85227e-06       2.54653
-249.632       3.8739e-06       2.54653
-248.932       3.89674e-06       2.54653
-248.232       3.92133e-06       2.54653
-247.532       3.9485e-06       2.54653
-246.832       3.97905e-06       2.54653
-246.132       4.01533e-06       2.54653
-245.432       4.06416e-06       2.54653
-244.732       4.13637e-06       2.54653
-244.032       4.22631e-06       2.54653
-243.332       4.27471e-06       2.54653
-242.632       4.31177e-06       2.54653
-241.932       4.39931e-06       2.54653
-241.232       4.53568e-06       2.54653
-240.532       4.54053e-06       2.54653
-239.832       4.45348e-06       2.54653
-239.132       4.43087e-06       2.54653
-238.432       4.47413e-06       2.54653
-237.732       4.55956e-06       2.54653
-237.032       4.66125e-06       2.54653
-236.332       4.76004e-06       2.54653
-235.632       4.91595e-06       2.54653
-234.932       5.14971e-06       2.54653
-234.232       5.37775e-06       2.54653
-233.532       5.77386e-06       2.54653
-232.832       6.34385e-06       2.54653
-232.132       6.82837e-06       2.54653
-231.432       6.69732e-06       2.54653
-230.732       6.20755e-06       2.54653
-230.032       6.132e-06       2.54653
-229.332       6.52216e-06       2.54653
-228.632       7.0631e-06       2.54653
-227.932       7.90813e-06       2.54653
-227.232       8.14993e-06       2.54653
-226.532       6.9478e-06       2.54653
-225.832       5.94308e-06       2.54653
-225.132       5.42104e-06       2.54653
-224.432       5.15478e-06       2.54653
-223.732       5.01213e-06       2.54653
-223.032       4.93322e-06       2.54653
-222.332       4.88997e-06       2.54653
-221.632       4.8682e-06       2.54653
-220.932       4.86024e-06       2.54653
-220.232       4.86167e-06       2.54653
-219.532       4.86985e-06       2.54653
-218.832       4.88313e-06       2.54653
-218.132       4.90047e-06       2.54653
-217.432       4.92123e-06       2.54653
-216.732       4.94504e-06       2.54653
-216.032       4.97177e-06       2.54653
-215.332       5.00146e-06       2.54653
-214.632       5.03439e-06       2.54653
-213.932       5.07112e-06       2.54653
-213.232       5.11272e-06       2.54653
-212.532       5.16119e-06       2.54653
-211.832       5.2204e-06       2.54653
-211.132       5.29704e-06       2.54653
-210.432       5.39165e-06       2.54653
-209.732       5.47921e-06       2.54653
-209.032       5.57365e-06       2.54653
-208.332       5.7198e-06       2.54653
-207.632       5.97022e-06       2.54653
-206.932       6.31098e-06       2.54653
-206.232       6.62662e-06       2.54653
-205.532       7.09617e-06       2.54653
-204.832       7.89271e-06       2.54653
-204.132       8.40717e-06       2.54653
-203.432       8.09007e-06       2.54653
-202.732       7.89217e-06       2.54653
-202.032       7.97066e-06       2.54653
-201.332       8.117e-06       2.54653
-200.632       8.01322e-06       2.54653
-199.932       8.07807e-06       2.54653
-199.232       8.81866e-06       2.54653
-198.532       1.04284e-05       2.54653
-197.832       1.21379e-05       2.54653
-197.132       1.1879e-05       2.54653
-196.432       1.11124e-05       2.54653
-195.732       1.14899e-05       2.54653
-195.032       1.28891e-05       2.54653
-194.332       1.39719e-05       2.54653
-193.632       1.3628e-05       2.54653
-192.932       1.22166e-05       2.54653
-192.232       1.13474e-05       2.54653
-191.532       1.10438e-05       2.54653
-190.832       1.08613e-05       2.54653
-190.132       1.08337e-05       2.54653
-189.432       1.15779e-05       2.54653
-188.732       1.26544e-05       2.54653
-188.032       1.22345e-05       2.54653
-187.332       1.05825e-05       2.54653
-186.632       9.01962e-06       2.54653
-185.932       8.22399e-06       2.54653
-185.232       7.96786e-06       2.54653
-184.532       7.94178e-06       2.54653
-183.832       7.7789e-06       2.54653
-183.132       7.75685e-06       2.54653
-182.432       7.90385e-06       2.54653
-181.732       7.69439e-06       2.54653
-181.032       7.3699e-06       2.54653
-180.332       7.2402e-06       2.54653
-179.632       7.19753e-06       2.54653
-178.932       7.1355e-06       2.54653
-178.232       7.06175e-06       2.54653
-177.532       7.03924e-06       2.54653
-176.832       7.08654e-06       2.54653
-176.132       7.21047e-06       2.54653
-175.432       7.44395e-06       2.54653
-174.732       7.79926e-06       2.54653
-174.032       8.25568e-06       2.54653
-173.332       9.07312e-06       2.54653
-172.632       9.79472e-06       2.54653
-171.932       9.17577e-06       2.54653
-171.232       8.36865e-06       2.54653
-170.532       7.9474e-06       2.54653
-169.832       7.73025e-06       2.54653
-169.132       7.67077e-06       2.54653
-168.432       7.6845e-06       2.54653
-167.732       7.65681e-06       2.54653
-167.032       7.65806e-06       2.54653
-166.332       7.7314e-06       2.54653
-165.632       7.87976e-06       2.54653
-164.932       8.1374e-06       2.54653
-164.232       8.60123e-06       2.54653
-163.532       9.47177e-06       2.54653
-162.832       1.08996e-05       2.54653
-162.132       1.2029e-05       2.54653
-161.432       1.13321e-05       2.54653
-160.732       1.00041e-05       2.54653
-160.032       9.3476e-06       2.54653
-159.332       9.18856e-06       2.54653
-158.632       9.03504e-06       2.54653
-157.932       8.76618e-06       2.54653
-157.232       8.52272e-06       2.54653
-156.532       8.36171e-06       2.54653
-155.832       8.29434e-06       2.54653
-155.132       8.28328e-06       2.54653
-154.432       8.30587e-06       2.54653
-153.732       8.3527e-06       2.54653
-153.032       8.42214e-06       2.54653
-152.332       8.51946e-06       2.54653
-151.632       8.66078e-06       2.54653
-150.932       8.88449e-06       2.54653
-150.232       9.25922e-06       2.54653
-149.532       9.70891e-06       2.54653
-148.832       9.70845e-06       2.54653
-148.132       9.49109e-06       2.54653
-147.432       9.47391e-06       2.54653
-146.732       9.616e-06       2.54653
-146.032       9.78794e-06       2.54653
-145.332       1.00663e-05       2.54653
-144.632       1.06395e-05       2.54653
-143.932       1.16746e-05       2.54653
-143.232       1.26045e-05       2.54653
-142.532       1.25314e-05       2.54653
-141.832       1.26267e-05       2.54653
-141.132       1.31563e-05       2.54653
-140.432       1.42194e-05       2.54653
-139.732       1.54181e-05       2.54653
-139.032       1.564e-05       2.54653
-138.332       1.52901e-05       2.54653
-137.632       1.5795e-05       2.54653
-136.932       1.70136e-05       2.54653
-136.232       1.73809e-05       2.54653
-135.532       1.83093e-05       2.54653
-134.832       2.04068e-05       2.54653
-134.132       2.31968e-05       2.54653
-133.432       2.39379e-05       2.54653
-132.732       2.12065e-05       2.54653
-132.032       1.82693e-05       2.54653
-131.332       1.68617e-05       2.54653
-130.632       1.62179e-05       2.54653
-129.932       1.63515e-05       2.54653
-129.232       1.67845e-05       2.54653
-128.532       1.65282e-05       2.54653
-127.832       1.59757e-05       2.54653
-127.132       1.52228e-05       2.54653
-126.432       1.45291e-05       2.54653
-125.732       1.44216e-05       2.54653
-125.032       1.44553e-05       2.54653
-124.332       1.34985e-05       2.54653
-123.632       1.25611e-05       2.54653
-122.932       1.20635e-05       2.54653
-122.232       1.18243e-05       2.54653
-121.532       1.17181e-05       2.54653
-120.832       1.16876e-05       2.54653
-120.132       1.1709e-05       2.54653
-119.432       1.17763e-05       2.54653
-118.732       1.19005e-05       2.54653
-118.032       1.21197e-05       2.54653
-117.332       1.25107e-05       2.54653
-116.632       1.30185e-05       2.54653
-115.932       1.30126e-05       2.54653
-115.232       1.26333e-05       2.54653
-114.532       1.24189e-05       2.54653
-113.832       1.2353e-05       2.54653
-113.132       1.23615e-05       2.54653
-112.432       1.24081e-05       2.54653
-111.732       1.24763e-05       2.54653
-111.032       1.25587e-05       2.54653
-110.332       1.26518e-05       2.54653
-109.632       1.27541e-05       2.54653
-108.932       1.28654e-05       2.54653
-108.232       1.29865e-05       2.54653
-107.532       1.31196e-05       2.54653
-106.832       1.32684e-05       2.54653
-106.132       1.34396e-05       2.54653
-105.432       1.3645e-05       2.54653
-104.732       1.39072e-05       2.54653
-104.032       1.4273e-05       2.54653
-103.332       1.48397e-05       2.54653
-102.632       1.57628e-05       2.54653
-101.932       1.7117e-05       2.54653
-101.232       1.85096e-05       2.54653
-100.532       1.823e-05       2.54653
-99.832       1.75127e-05       2.54653
-99.132       1.79e-05       2.54653
-98.432       1.91122e-05       2.54653
-97.732       1.90233e-05       2.54653
-97.032       1.75434e-05       2.54653
-96.332       1.6604e-05       2.54653
-95.632       1.62776e-05       2.54653
-94.932       1.63317e-05       2.54653
-94.232       1.67081e-05       2.54653
-93.532       1.69581e-05       2.54653
-92.832       1.65974e-05       2.54653
-92.132       1.6272e-05       2.54653
-91.432       1.61543e-05       2.54653
-90.732       1.61534e-05       2.54653
-90.032       1.62114e-05       2.54653
-89.332       1.63016e-05       2.54653
-88.632       1.64114e-05       2.54653
-87.932       1.65341e-05       2.54653
-87.232       1.66661e-05       2.54653
-86.532       1.68054e-05       2.54653
-85.832       1.69506e-05       2.54653
-85.132       1.71007e-05       2.54653
-84.432       1.72554e-05       2.54653
-83.732       1.7414e-05       2.54653
-83.032       1.75765e-05       2.54653
-82.332       1.77426e-05       2.54653
-81.632       1.79121e-05       2.54653
-80.932       1.8085e-05       2.54653
-80.232       1.82613e-05       2.54653
-79.532       1.84409e-05       2.54653
-78.832       1.86238e-05       2.54653
-78.712       1.86555e-05       2.54653
-78.592       1.86873e-05       2.54653
-78.472       1.87192e-05       2.54653
-78.352       1.87511e-05       2.54653
-78.232       1.87832e-05       2.54653
-78.112       1.88154e-05       2.54653
-77.992       1.88477e-05       2.54653
-77.872       1.888e-05       2.54653
-77.752       1.89125e-05       2.54653
-77.632       1.89451e-05       2.54653
-77.512       1.89778e-05       2.54653
-77.392       1.90105e-05       2.54653
-77.272       1.90434e-05       2.54653
-77.152       1.90764e-05       2.54653
-77.032       1.91094e-05       2.54653
-76.912       1.91426e-05       2.54653
-76.792       1.91758e-05       2.54653
-76.672       1.92092e-05       2.54653
-76.552       1.92427e-05       2.54653
-76.432       1.92762e-05       2.54653
-76.312       1.93099e-05       2.54653
-76.192       1.93437e-05       2.54653
-76.072       1.93775e-05       2.54653
-75.952       1.94115e-05       2.54653
-75.832       1.94456e-05       2.54653
-75.712       1.94797e-05       2.54653
-75.592       1.9514e-05       2.54653
-75.472       1.95484e-05       2.54653
-75.352       1.95829e-05       2.54653
-75.232       1.96175e-05       2.54653
-75.112       1.96521e-05       2.54653
-74.992       1.96869e-05       2.54653
-74.872       1.97218e-05       2.54653
-74.752       1.97568e-05       2.54653
-74.632       1.97919e-05       2.54653
-74.512       1.98271e-05       2.54653
-74.392       1.98624e-05       2.54653
-74.272       1.98979e-05       2.54653
-74.152       1.99334e-05       2.54653
-74.032       1.9969e-05       2.54653
-73.912       2.00047e-05       2.54653
-73.792       2.00406e-05       2.54653
-73.672       2.00765e-05       2.54653
-73.552       2.01126e-05       2.54653
-73.432       2.01487e-05       2.54653
-73.312       2.0185e-05       2.54653
-73.192       2.02214e-05       2.54653
-73.072       2.02579e-05       2.54653
-72.952       2.02945e-05       2.54653
-72.832       2.03312e-05       2.54653
-72.712       2.0368e-05       2.54653
-72.592       2.04049e-05       2.54653
-72.472       2.0442e-05       2.54653
-72.352       2.04791e-05       2.54653
-72.232       2.05164e-05       2.54653
-72.112       2.05537e-05       2.54653
-71.992       2.05912e-05       2.54653
-71.872       2.06288e-05       2.54653
-71.752       2.06665e-05       2.54653
-71.632       2.07043e-05       2.54653
-71.512       2.07423e-05       2.54653
-71.392       2.07803e-05       2.54653
-71.272       2.08185e-05       2.54653
-71.152       2.08568e-05       2.54653
-71.032       2.08952e-05       2.54653
-70.912       2.09337e-05       2.54653
-70.792       2.09723e-05       2.54653
-70.672       2.1011e-05       2.54653
-70.552       2.10499e-05       2.54653
-70.432       2.10889e-05       2.54653
-70.312       2.1128e-05       2.54653
-70.192       2.11672e-05       2.54653
-70.072       2.12065e-05       2.54653
-69.952       2.1246e-05       2.54653
-69.832       2.12855e-05       2.54653
-69.712       2.13252e-05       2.54653
-69.592       2.13651e-05       2.54653
-69.472       2.1405e-05       2.54653
-69.352       2.1445e-05       2.54653
-69.232       2.14852e-05       2.54653
-69.112       2.15255e-05       2.54653
-68.992       2.15659e-05       2.54653
-68.872       2.16065e-05       2.54653
-68.752       2.16472e-05       2.54653
-68.632       2.1688e-05       2.54653
-68.512       2.17289e-05       2.54653
-68.392       2.17699e-05       2.54653
-68.272       2.18111e-05       2.54653
-68.152       2.18524e-05       2.54653
-68.032       2.18938e-05       2.54653
-67.912       2.19354e-05       2.54653
-67.792       2.19771e-05       2.54653
-67.672       2.20189e-05       2.54653
-67.552       2.20608e-05       2.54653
-67.432       2.21029e-05       2.54653
-67.312       2.21451e-05       2.54653
-67.192       2.21874e-05       2.54653
-67.072       2.22299e-05       2.54653
-66.952       2.22725e-05       2.54653
-66.832       2.23152e-05       2.54653
-66.712       2.23581e-05       2.54653
-66.592       2.2401e-05       2.54653
-66.472       2.24442e-05       2.54653
-66.352       2.24874e-05       2.54653
-66.232       2.25308e-05       2.54653
-66.112       2.25744e-05       2.54653
-65.992       2.2618e-05       2.54653
-65.872       2.26618e-05       2.54653
-65.752       2.27058e-05       2.54653
-65.632       2.27499e-05       2.54653
-65.512       2.27941e-05       2.54653
-65.392       2.28385e-05       2.54653
-65.272       2.2883e-05       2.54653
-65.152       2.29276e-05       2.54653
-65.032       2.29724e-05       2.54653
-64.912       2.30173e-05       2.54653
-64.792       2.30624e-05       2.54653
-64.672       2.31076e-05       2.54653
-64.552       2.3153e-05       2.54653
-64.432       2.31985e-05       2.54653
-64.312       2.32441e-05       2.54653
-64.192       2.32899e-05       2.54653
-64.072       2.33358e-05       2.54653
-63.952       2.33819e-05       2.54653
-63.832       2.34281e-05       2.54653
-63.712       2.34745e-05       2.54653
-63.592       2.35211e-05       2.54653
-63.472       2.35677e-05       2.54653
-63.352       2.36146e-05       2.54653
-63.232       2.36615e-05       2.54653
-63.112       2.37087e-05       2.54653
-62.992       2.3756e-05       2.54653
-62.872       2.38034e-05       2.54653
-62.752       2.3851e-05       2.54653
-62.632       2.38988e-05       2.54653
-62.512       2.39467e-05       2.54653
-62.392       2.39947e-05       2.54653
-62.272       2.40429e-05       2.54653
-62.152       2.40913e-05       2.54653
-62.032       2.41398e-05       2.54653
-61.912       2.41885e-05       2.54653
-61.792       2.42374e-05       2.54653
-61.672       2.42864e-05       2.54653
-61.552       2.43356e-05       2.54653
-61.432       2.43849e-05       2.54653
-61.312       2.44344e-05       2.54653
-61.192       2.44841e-05       2.54653
-61.072       2.45339e-05       2.54653
-60.952       2.45839e-05       2.54653
-60.832       2.4634e-05       2.54653
-60.712       2.46844e-05       2.54653
-60.592       2.47349e-05       2.54653
-60.472       2.47855e-05       2.54653
-60.352       2.48363e-05       2.54653
-60.232       2.48873e-05       2.54653
-60.112       2.49385e-05       2.54653
-59.992       2.49899e-05       2.54653
-59.872       2.50414e-05       2.54653
-59.752       2.50931e-05       2.54653
-59.632       2.51449e-05       2.54653
-59.512       2.5197e-05       2.54653
-59.392       2.52492e-05       2.54653
-59.272       2.53016e-05       2.54653
-59.152       2.53541e-05       2.54653
-59.032       2.54069e-05       2.54653
-58.912       2.54598e-05       2.54653
-58.792       2.55129e-05       2.54653
-58.672       2.55662e-05       2.54653
-58.552       2.56197e-05       2.54653
-58.432       2.56733e-05       2.54653
-58.312       2.57272e-05       2.54653
-58.192       2.57812e-05       2.54653
-58.072       2.58354e-05       2.54653
-57.952       2.58898e-05       2.54653
-57.832       2.59444e-05       2.54653
-57.712       2.59992e-05       2.54653
-57.592       2.60541e-05       2.54653
-57.472       2.61093e-05       2.54653
-57.352       2.61647e-05       2.54653
-57.232       2.62202e-05       2.54653
-57.112       2.62759e-05       2.54653
-56.992       2.63319e-05       2.54653
-56.872       2.6388e-05       2.54653
-56.752       2.64443e-05       2.54653
-56.632       2.65008e-05       2.54653
-56.512       2.65575e-05       2.54653
-56.392       2.66145e-05       2.54653
-56.272       2.66716e-05       2.54653
-56.152       2.67289e-05       2.54653
-56.032       2.67864e-05       2.54653
-55.912       2.68442e-05       2.54653
-55.792       2.69021e-05       2.54653
-55.672       2.69602e-05       2.54653
-55.552       2.70186e-05       2.54653
-55.432       2.70772e-05       2.54653
-55.312       2.71359e-05       2.54653
-55.192       2.71949e-05       2.54653
-55.072       2.72541e-05       2.54653
-54.952       2.73135e-05       2.54653
-54.832       2.73731e-05       2.54653
-54.712       2.7433e-05       2.54653
-54.592       2.7493e-05       2.54653
-54.472       2.75533e-05       2.54653
-54.352       2.76138e-05       2.54653
-54.232       2.76745e-05       2.54653
-54.112       2.77354e-05       2.54653
-53.992       2.77966e-05       2.54653
-53.872       2.7858e-05       2.54653
-53.752       2.79196e-05       2.54653
-53.632       2.79814e-05       2.54653
-53.512       2.80435e-05       2.54653
-53.392       2.81058e-05       2.54653
-53.272       2.81683e-05       2.54653
-53.152       2.82311e-05       2.54653
-53.032       2.82941e-05       2.54653
-52.912       2.83573e-05       2.54653
-52.792       2.84208e-05       2.54653
-52.672       2.84845e-05       2.54653
-52.552       2.85484e-05       2.54653
-52.432       2.86126e-05       2.54653
-52.312       2.8677e-05       2.54653
-52.192       2.87417e-05       2.54653
-52.072       2.88066e-05       2.54653
-52.072       0       0


-49.7967       0       0
-49.7967       3.00857e-05       2.54653
-49.6767       3.01558e-05       2.54653
-49.5567       3.02262e-05       2.54653
-49.4367       3.02969e-05       2.54653
-49.3167       3.03679e-05       2.54653
-49.1967       3.04391e-05       2.54653
-49.0767       3.05107e-05       2.54653
-48.9567       3.05825e-05       2.54653
-48.8367       3.06546e-05       2.54653
-48.7167       3.0727e-05       2.54653
-48.5967       3.07997e-05       2.54653
-48.4767       3.08727e-05       2.54653
-48.3567       3.0946e-05       2.54653
-48.2367       3.10196e-05       2.54653
-48.1167       3.10935e-05       2.54653
-47.9967       3.11677e-05       2.54653
-47.8767       3.12422e-05       2.54653
-47.7567       3.1317e-05       2.54653
-47.6367       3.13921e-05       2.54653
-47.5167       3.14675e-05       2.54653
-47.3967       3.15433e-05       2.54653
-47.2767       3.16193e-05       2.54653
-47.1567       3.16957e-05       2.54653
-47.0367       3.17724e-05       2.54653
-46.9167       3.18494e-05       2.54653
-46.7967       3.19268e-05       2.54653
-46.6767       3.20044e-05       2.54653
-46.5567       3.20824e-05       2.54653
-46.4367       3.21608e-05       2.54653
-46.3167       3.22395e-05       2.54653
-46.1967       3.23185e-05       2.54653
-46.0767       3.23978e-05       2.54653
-45.9567       3.24775e-05       2.54653
-45.8367       3.25575e-05       2.54653
-45.7167       3.26379e-05       2.54653
-45.5967       3.27186e-05       2.54653
-45.4767       3.27997e-05       2.54653
-45.3567       3.28812e-05       2.54653
-45.2367       3.2963e-05       2.54653
-45.1167       3.30451e-05       2.54653
-44.9967       3.31276e-05       2.54653
-44.8767       3.32105e-05       2.54653
-44.7567       3.32938e-05       2.54653
-44.6367       3.33774e-05       2.54653
-44.5167       3.34614e-05       2.54653
-44.3967       3.35458e-05       2.54653
-44.2767       3.36305e-05       2.54653
-44.1567       3.37156e-05       2.54653
-44.0367       3.38012e-05       2.54653
-43.9167       3.38871e-05       2.54653
-43.7967       3.39734e-05       2.54653
-43.6767       3.40601e-05       2.54653
-43.5567       3.41472e-05       2.54653
-43.4367       3.42347e-05       2.54653
-43.3167       3.43226e-05       2.54653
-43.1967       3.44109e-05       2.54653
-43.0767       3.44997e-05       2.54653
-42.9567       3.45888e-05       2.54653
-42.8367       3.46784e-05       2.54653
-42.7167       3.47684e-05       2.54653
-42.5967       3.48588e-05       2.54653
-42.4767       3.49496e-05       2.54653
-42.3567       3.50409e-05       2.54653
-42.2367       3.51326e-05       2.54653
-42.1167       3.52248e-05       2.54653
-41.9967       3.53174e-05       2.54653
-41.8767       3.54104e-05       2.54653
-41.7567       3.5504e-05       2.54653
-41.6367       3.55979e-05       2.54653
-41.5167       3.56924e-05       2.54653
-41.3967       3.57872e-05       2.54653
-41.2767       3.58826e-05       2.54653
-41.1567       3.59785e-05       2.54653
-41.0367       3.60748e-05       2.54653
-40.9167       3.61716e-05       2.54653
-40.7967       3.62689e-05       2.54653
-40.6767       3.63667e-05       2.54653
-40.5567       3.6465e-05       2.54653
-40.4367       3.65638e-05       2.54653
-40.3167       3.66631e-05       2.54653
-40.1967       3.67629e-05       2.54653
-40.0767       3.68632e-05       2.54653
-39.9567       3.69641e-05       2.54653
-39.8367       3.70655e-05       2.54653
-39.7167       3.71674e-05       2.54653
-39.5967       3.72699e-05       2.54653
-39.4767       3.73729e-05       2.54653
-39.3567       3.74765e-05       2.54653
-39.2367       3.75806e-05       2.54653
-39.1167       3.76853e-05       2.54653
-38.9967       3.77906e-05       2.54653
-38.8767       3.78964e-05       2.54653
-38.7567       3.80029e-05       2.54653
-38.6367       3.81099e-05       2.54653
-38.5167       3.82175e-05       2.54653
-38.3967       3.83257e-05       2.54653
-38.2767       3.84346e-05       2.54653
-38.1567       3.85441e-05       2.54653
-38.0367       3.86542e-05       2.54653
-37.9167       3.87649e-05       2.54653
-37.7967       3.88763e-05       2.54653
-37.6767       3.89883e-05       2.54653
-37.5567       3.9101e-05       2.54653
-37.4367       3.92144e-05       2.54653
-37.3167       3.93284e-05       2.54653
-37.1967       3.94432e-05       2.54653
-37.0767       3.95586e-05       2.54653
-36.9567       3.96747e-05       2.54653
-36.8367       3.97916e-05       2.54653
-36.7167       3.99092e-05       2.54653
-36.5967       4.00275e-05       2.54653
-36.4767       4.01466e-05       2.54653
-36.3567       4.02665e-05       2.54653
-36.2367       4.03871e-05       2.54653
-36.1167       4.05085e-05       2.54653
-35.9967       4.06308e-05       2.54653
-35.8767       4.07538e-05       2.54653
-35.7567       4.08777e-05       2.54653
-35.6367       4.10024e-05       2.54653
-35.5167       4.1128e-05       2.54653
-35.3967       4.12544e-05       2.54653
-35.2767       4.13817e-05       2.54653
-35.1567       4.151e-05       2.54653
-35.0367       4.16392e-05       2.54653
-34.9167       4.17693e-05       2.54653
-34.7967       4.19004e-05       2.54653
-34.6767       4.20325e-05       2.54653
-34.5567       4.21656e-05       2.54653
-34.4367       4.22997e-05       2.54653
-34.3167       4.24349e-05       2.54653
-34.1967       4.25712e-05       2.54653
-34.0767       4.27085e-05       2.54653
-33.9567       4.28471e-05       2.54653
-33.8367       4.29868e-05       2.54653
-33.7167       4.31276e-05       2.54653
-33.5967       4.32698e-05       2.54653
-33.4767       4.34132e-05       2.54653
-33.3567       4.35579e-05       2.54653
-33.2367       4.3704e-05       2.54653
-33.1167       4.38515e-05       2.54653
-32.9967       4.40004e-05       2.54653
-32.8767       4.41508e-05       2.54653
-32.7567       4.43028e-05       2.54653
-32.6367       4.44564e-05       2.54653
-32.5167       4.46117e-05       2.54653
-32.3967       4.47688e-05       2.54653
-32.2767       4.49277e-05       2.54653
-32.1567       4.50885e-05       2.54653
-32.0367       4.52513e-05       2.54653
-31.9167       4.54163e-05       2.54653
-31.7967       4.55835e-05       2.54653
-31.6767       4.57531e-05       2.54653
-31.5567       4.59252e-05       2.54653
-31.4367       4.61e-05       2.54653
-31.3167       4.62776e-05       2.54653
-31.1967       4.64583e-05       2.54653
-31.0767       4.66422e-05       2.54653
-30.9567       4.68296e-05       2.54653
-30.8367       4.70208e-05       2.54653
-30.7167       4.72162e-05       2.54653
-30.5967       4.74159e-05       2.54653
-30.4767       4.76206e-05       2.54653
-30.3567       4.78306e-05       2.54653
-30.2367       4.80465e-05       2.54653
-30.1167       4.82688e-05       2.54653
-29.9967       4.84983e-05       2.54653
-29.8767       4.87356e-05       2.54653
-29.7567       4.89817e-05       2.54653
-29.6367       4.92374e-05       2.54653
-29.5167       4.95037e-05       2.54653
-29.3967       4.97817e-05       2.54653
-29.2767       5.00724e-05       2.54653
-29.1567       5.03767e-05       2.54653
-29.0367       5.06956e-05       2.54653
-28.9167       5.10294e-05       2.54653
-28.7967       5.13783e-05       2.54653
-28.6767       5.1742e-05       2.54653
-28.5567       5.21195e-05       2.54653
-28.4367       5.2509e-05       2.54653
-28.3167       5.2908e-05       2.54653
-28.1967       5.33127e-05       2.54653
-28.0767       5.37176e-05       2.54653
-27.9567       5.4115e-05       2.54653
-27.8367       5.44951e-05       2.54653
-27.7167       5.48469e-05       2.54653
-27.5967       5.516e-05       2.54653
-27.4767       5.54272e-05       2.54653
-27.3567       5.56469e-05       2.54653
-27.2367       5.58235e-05       2.54653
-27.1167       5.59668e-05       2.54653
-26.9967       5.609e-05       2.54653
-26.8767       5.62064e-05       2.54653
-26.7567       5.63282e-05       2.54653
-26.6367       5.64653e-05       2.54653
-26.5167       5.66248e-05       2.54653
-26.3967       5.68117e-05       2.54653
-26.2767       5.70294e-05       2.54653
-26.1567       5.72804e-05       2.54653
-26.0367       5.75668e-05       2.54653
-25.9167       5.78905e-05       2.54653
-25.7967       5.82538e-05       2.54653
-25.6767       5.86591e-05       2.54653
-25.5567       5.91095e-05       2.54653
-25.4367       5.96085e-05       2.54653
-25.3167       6.01605e-05       2.54653
-25.1967       6.07702e-05       2.54653
-25.0767       6.14431e-05       2.54653
-24.9567       6.21851e-05       2.54653
-24.8367       6.3002e-05       2.54653
-24.7167       6.3899e-05       2.54653
-24.5967       6.48796e-05       2.54653
-24.4767       6.59439e-05       2.54653
-24.3567       6.70868e-05       2.54653
-24.2367       6.82945e-05       2.54653
-24.1167       6.95419e-05       2.54653
-23.9967       7.07897e-05       2.54653
-23.8767       7.19834e-05       2.54653
-23.7567       7.30563e-05       2.54653
-23.6367       7.3937e-05       2.54653
-23.5167       7.45626e-05       2.54653
-23.3967       7.48921e-05       2.54653
-23.2767       7.49178e-05       2.54653
-23.1567       7.46672e-05       2.54653
-23.0367       7.41955e-05       2.54653
-22.9167       7.35721e-05       2.54653
-22.7967       7.28672e-05       2.54653
-22.6767       7.2141e-05       2.54653
-22.5567       7.14394e-05       2.54653
-22.4367       7.0793e-05       2.54653
-22.3167       7.02199e-05       2.54653
-21.6167       6.8451e-05       2.54653
-20.9167       6.86657e-05       2.54653
-20.2167       6.99742e-05       2.54653
-19.5167       7.19641e-05       2.54653
-18.8167       7.44999e-05       2.54653
-18.1167       7.75657e-05       2.54653
-17.4167       8.12193e-05       2.54653
-16.7167       8.55837e-05       2.54653
-16.0167       9.08573e-05       2.54653
-15.3167       9.73443e-05       2.54653
-14.6167       0.000105513       2.54653
-13.9167       0.000116105       2.54653
-13.2167       0.000130338       2.54653
-12.5167       0.000150324       2.54653
-11.8167       0.000179942       2.54653
-11.1167       0.000226852       2.54653
-10.4167       0.000307339       2.54653
-9.71675       0.000457683       2.54653
-9.01675       0.000746553       2.54653
-8.31675       0.00114021       2.54653
-7.61675       0.00110552       2.54653
-6.91675       0.0007262       2.54653
-6.21675       0.000485935       2.54653
-5.51675       0.000384223       2.54653
-4.81675       0.000367717       2.54653
-4.11675       0.000429418       2.54653
-3.41675       0.000594149       2.54653
-2.71675       0.000768295       2.54653
-2.01675       0.000642534       2.54653
-1.31675       0.000427808       2.54653
-0.616747       0.000305388       2.54653
0.0832526       0.000244811       2.54653
0.783253       0.000215022       2.54653
1.48325       0.000202087       2.54653
2.18325       0.000200821       2.54653
2.88325       0.000211143       2.54653
3.58325       0.000238332       2.54653
4.28325       0.000295071       2.54653
4.98325       0.000380203       2.54653
5.68325       0.000400145       2.54653
6.38325       0.000354073       2.54653
7.08325       0.000333591       2.54653
7.78325       0.000349972       2.54653
8.48325       0.000372553       2.54653
9.18325       0.00040983       2.54653
9.88325       0.000467142       2.54653
10.5833       0.000544664       2.54653
11.2833       0.000630997       2.54653
11.9833       0.000590516       2.54653
12.6833       0.000479198       2.54653
13.3833       0.000403979       2.54653
14.0833       0.000364808       2.54653
14.7833       0.000354874       2.54653
15.4833       0.000359593       2.54653
16.1833       0.000366389       2.54653
16.8833       0.00038119       2.54653
17.5833       0.000413706       2.54653
18.2833       0.000419244       2.54653
18.9833       0.000395467       2.54653
19.6833       0.000383027       2.54653
20.3833       0.00039073       2.54653
21.0833       0.000412866       2.54653
21.7833       0.000446998       2.54653
22.4833       0.000494047       2.54653
23.1833       0.000557501       2.54653
23.8833       0.000644022       2.54653
24.5833       0.000765425       2.54653
25.2833       0.000943151       2.54653
25.9833       0.00121836       2.54653
26.6833       0.00167592       2.54653
27.3833       0.00250252       2.54653
28.0833       0.00409813       2.54653
28.7833       0.00685114       2.54653
29.4833       0.00845317       2.54653
30.1833       0.00624144       2.54653
30.8833       0.00415157       2.54653
31.5833       0.00341474       2.54653
32.2833       0.00358004       2.54653
32.9833       0.00360037       2.54653
33.6833       0.00288528       2.54653
34.3833       0.00205162       2.54653
35.0833       0.00156278       2.54653
35.7833       0.00133026       2.54653
36.4833       0.00124055       2.54653
37.1833       0.00124509       2.54653
37.8833       0.00133636       2.54653
38.5833       0.00154269       2.54653
39.2833       0.00194377       2.54653
39.9833       0.00263379       2.54653
40.6833       0.00327846       2.54653
41.3833       0.00343517       2.54653
42.0833       0.00368462       2.54653
42.7833       0.00432516       2.54653
43.4833       0.00513265       2.54653
44.1833       0.00576251       2.54653
44.8833       0.00658485       2.54653
45.5833       0.00692439       2.54653
46.2833       0.00734343       2.54653
46.9833       0.00869083       2.54653
47.6833       0.0110333       2.54653
48.3833       0.0129016       2.54653
49.0833       0.0122992       2.54653
49.7833       0.011155       2.54653
50.4833       0.0115412       2.54653
51.1833       0.0139793       2.54653
51.8833       0.0152331       2.54653
52.5833       0.0134939       2.54653
53.2833       0.0110206       2.54653
53.9833       0.00868348       2.54653
54.6833       0.00729823       2.54653
55.3833       0.00712843       2.54653
56.0833       0.00811291       2.54653
56.7833       0.0104137       2.54653
57.4833       0.012651       2.54653
58.1833       0.0150882       2.54653
58.8833       0.0149627       2.54653
59.5833       0.0130223       2.54653
60.2833       0.0116145       2.54653
60.9833       0.00926454       2.54653
61.6833       0.00752803       2.54653
62.3833       0.00687366       2.54653
63.0833       0.00711532       2.54653
63.7833       0.00816474       2.54653
64.4833       0.0102527       2.54653
65.1833       0.014104       2.54653
65.8833       0.0212586       2.54653
66.5833       0.0325492       2.54653
67.2833       0.0408023       2.54653
67.9833       0.0477028       2.54653
68.6833       0.0620113       2.54653
69.3833       0.0709689       2.54653
70.0833       0.0702095       2.54653
70.7833       0.0620718       2.54653
71.4833       0.0447206       2.54653
72.1833       0.0333598       2.54653
72.8833       0.0315103       2.54653
73.5833       0.0344016       2.54653
74.2833       0.0336582       2.54653
74.9833       0.0271051       2.54653
75.6833       0.0217601       2.54653
76.3833       0.0187934       2.54653
77.0833       0.0177566       2.54653
77.7833       0.0169577       2.54653
78.4833       0.0163758       2.54653
79.1833       0.0167593       2.54653
79.8833       0.0153081       2.54653
80.5833       0.0136496       2.54653
81.2833       0.0131847       2.54653
81.9833       0.0122548       2.54653
82.6833       0.0102608       2.54653
83.3833       0.00896176       2.54653
84.0833       0.00859721       2.54653
84.7833       0.00797948       2.54653
85.4833       0.00718579       2.54653
86.1833       0.00647607       2.54653
86.8833       0.00612523       2.54653
87.5833       0.00642981       2.54653
88.2833       0.00759429       2.54653
88.9833       0.00878576       2.54653
89.6833       0.0102746       2.54653
90.3833       0.0106807       2.54653
91.0833       0.00930587       2.54653
91.7833       0.00836754       2.54653
92.4833       0.00702192       2.54653
93.1833       0.00597362       2.54653
93.8833       0.00462789       2.54653
94.5833       0.00324062       2.54653
95.2833       0.00232977       2.54653
95.9833       0.00182699       2.54653
96.6833       0.00156592       2.54653
97.3833       0.00146623       2.54653
98.0833       0.00139288       2.54653
98.7833       0.00120385       2.54653
99.4833       0.00104731       2.54653
100.183       0.000975208       2.54653
100.883       0.000979978       2.54653
101.583       0.00106592       2.54653
102.283       0.00120201       2.54653
102.983       0.00130741       2.54653
103.683       0.00138994       2.54653
104.383       0.00147985       2.54653
105.083       0.00159544       2.54653
105.783       0.00161742       2.54653
106.483       0.00167355       2.54653
107.183       0.0019499       2.54653
107.883       0.00226044       2.54653
108.583       0.00228493       2.54653
109.283       0.00217705       2.54653
109.983       0.00229959       2.54653
110.683       0.00239169       2.54653
111.383       0.00217184       2.54653
112.083       0.00185239       2.54653
112.783       0.0015755       2.54653
113.483       0.00149184       2.54653
114.183       0.00149217       2.54653
114.883       0.00139362       2.54653
115.583       0.00134891       2.54653
116.283       0.00129245       2.54653
116.983       0.00119472       2.54653
117.683       0.00116662       2.54653
118.383       0.00102955       2.54653
119.083       0.000908604       2.54653
119.783       0.000782001       2.54653
120.483       0.000629596       2.54653
121.183       0.000545321       2.54653
121.883       0.00054214       2.54653
122.583       0.000544822       2.54653
123.283       0.0004996       2.54653
123.983       0.000426167       2.54653
124.683       0.000360137       2.54653
125.383       0.000330549       2.54653
126.083       0.00032623       2.54653
126.783       0.000328007       2.54653
127.483       0.000284061       2.54653
128.183       0.000234311       2.54653
128.883       0.000204428       2.54653
129.583       0.000187512       2.54653
130.283       0.000178314       2.54653
130.983       0.000175361       2.54653
131.683       0.000178209       2.54653
132.383       0.000179328       2.54653
133.083       0.000176673       2.54653
133.783       0.000183169       2.54653
134.483       0.0002036       2.54653
135.183       0.000228214       2.54653
135.883       0.000240934       2.54653
136.583       0.00025177       2.54653
137.283       0.000269598       2.54653
137.983       0.000283408       2.54653
138.683       0.000285442       2.54653
139.383       0.000289694       2.54653
140.083       0.000278624       2.54653
140.783       0.000260857       2.54653
141.483       0.000262724       2.54653
142.183       0.000286978       2.54653
142.883       0.000298771       2.54653
143.583       0.000309398       2.54653
144.283       0.000350153       2.54653
144.983       0.000374428       2.54653
145.683       0.000374153       2.54653
146.383       0.000374416       2.54653
147.083       0.000390587       2.54653
147.783       0.000411079       2.54653
148.483       0.000351062       2.54653
149.183       0.000275959       2.54653
149.883       0.000234815       2.54653
150.583       0.000210563       2.54653
151.283       0.000205252       2.54653
151.983       0.000217367       2.54653
152.683       0.000206206       2.54653
153.383       0.000162386       2.54653
154.083       0.000128513       2.54653
154.783       0.00011012       2.54653
155.483       0.000101105       2.54653
156.183       9.27552e-05       2.54653
156.883       8.4168e-05       2.54653
157.583       7.8178e-05       2.54653
158.283       7.38266e-05       2.54653
158.983       7.04378e-05       2.54653
159.683       6.81567e-05       2.54653
160.383       6.687e-05       2.54653
161.083       6.65248e-05       2.54653
161.783       6.73405e-05       2.54653
162.483       6.99559e-05       2.54653
163.183       7.56023e-05       2.54653
163.883       8.5108e-05       2.54653
164.583       9.79896e-05       2.54653
165.283       0.000112634       2.54653
165.983       0.000123073       2.54653
166.683       0.000132472       2.54653
167.383       0.000143164       2.54653
168.083       0.000140256       2.54653
168.783       0.000128229       2.54653
169.483       0.000126338       2.54653
170.183       0.000128502       2.54653
170.883       0.000137022       2.54653
171.583       0.000140188       2.54653
172.283       0.000142477       2.54653
172.983       0.000143581       2.54653
173.683       0.000130541       2.54653
174.383       0.000110128       2.54653
175.083       9.44419e-05       2.54653
175.783       9.18591e-05       2.54653
176.483       0.000100612       2.54653
177.183       9.90671e-05       2.54653
177.883       8.58845e-05       2.54653
178.583       7.20044e-05       2.54653
179.283       6.04268e-05       2.54653
179.983       5.235e-05       2.54653
180.683       4.67466e-05       2.54653
181.383       4.29427e-05       2.54653
182.083       4.02471e-05       2.54653
182.783       3.83112e-05       2.54653
183.483       3.68386e-05       2.54653
184.183       3.56557e-05       2.54653
184.883       3.46672e-05       2.54653
185.583       3.38174e-05       2.54653
186.283       3.30722e-05       2.54653
186.983       3.24098e-05       2.54653
187.683       3.18163e-05       2.54653
188.383       3.12834e-05       2.54653
189.083       3.08066e-05       2.54653
189.783       3.03856e-05       2.54653
190.483       3.00274e-05       2.54653
191.183       2.97472e-05       2.54653
191.883       2.95756e-05       2.54653
192.583       2.95757e-05       2.54653
193.283       2.98837e-05       2.54653
193.983       3.07992e-05       2.54653
194.683       3.28504e-05       2.54653
195.383       3.55897e-05       2.54653
196.083       3.51658e-05       2.54653
196.783       3.27144e-05       2.54653
197.483       3.15774e-05       2.54653
198.183       3.21434e-05       2.54653
198.883       3.37722e-05       2.54653
199.583       3.49288e-05       2.54653
200.283       3.39504e-05       2.54653
200.983       3.39509e-05       2.54653
201.683       3.57364e-05       2.54653
202.383       3.71104e-05       2.54653
203.083       3.63105e-05       2.54653
203.783       3.28305e-05       2.54653
204.483       3.04828e-05       2.54653
205.183       3.03143e-05       2.54653
205.883       3.23554e-05       2.54653
206.583       3.46098e-05       2.54653
207.283       3.38434e-05       2.54653
207.983       3.07394e-05       2.54653
208.683       2.81706e-05       2.54653
209.383       2.74455e-05       2.54653
210.083       2.83255e-05       2.54653
210.783       2.9098e-05       2.54653
211.483       2.98971e-05       2.54653
212.183       3.06814e-05       2.54653
212.883       2.82587e-05       2.54653
213.583       2.56526e-05       2.54653
214.283       2.49561e-05       2.54653
214.983       2.5477e-05       2.54653
215.683       2.47087e-05       2.54653
216.383       2.25395e-05       2.54653
217.083       2.09205e-05       2.54653
217.783       1.9924e-05       2.54653
218.483       1.92545e-05       2.54653
219.183       1.87726e-05       2.54653
219.883       1.83965e-05       2.54653
220.583       1.80827e-05       2.54653
221.283       1.78085e-05       2.54653
221.983       1.75612e-05       2.54653
222.683       1.73333e-05       2.54653
223.383       1.712e-05       2.54653
224.083       1.69181e-05       2.54653
224.783       1.67255e-05       2.54653
225.483       1.65405e-05       2.54653
226.183       1.63621e-05       2.54653
226.883       1.61893e-05       2.54653
227.583       1.60215e-05       2.54653
228.283       1.58582e-05       2.54653
228.983       1.5699e-05       2.54653
229.683       1.55434e-05       2.54653
230.383       1.53913e-05       2.54653
231.083       1.52424e-05       2.54653
231.783       1.50964e-05       2.54653
232.483       1.49532e-05       2.54653
233.183       1.48127e-05       2.54653
233.883       1.46748e-05       2.54653
234.583       1.45392e-05       2.54653
235.283       1.4406e-05       2.54653
235.983       1.42749e-05       2.54653
236.683       1.4146e-05       2.54653
237.383       1.40192e-05       2.54653
238.083       1.38943e-05       2.54653
238.783       1.37713e-05       2.54653
239.483       1.36503e-05       2.54653
240.183       1.3531e-05       2.54653
240.883       1.34134e-05       2.54653
241.583       1.32976e-05       2.54653
242.283       1.31834e-05       2.54653
242.983       1.30709e-05       2.54653
243.683       1.29599e-05       2.54653
244.383       1.28505e-05       2.54653
245.083       1.27426e-05       2.54653
245.783       1.26361e-05       2.54653
246.483       1.25311e-05       2.54653
247.183       1.24275e-05       2.54653
247.883       1.23252e-05       2.54653
248.583       1.22243e-05       2.54653
249.283       1.21247e-05       2.54653
249.983       1.20264e-05       2.54653
250.683       1.19294e-05       2.54653
251.383       1.18336e-05       2.54653
252.083       1.1739e-05       2.54653
252.783       1.16456e-05       2.54653
253.483       1.15534e-05       2.54653
254.183       1.14623e-05       2.54653
